--hseq: [[1], [1]] correspond to [[1], [1]]
[[1 0]
 [0 0]]
[[1 0]
 [0 0]]
---------end of hseq------------
--hseq: [[2], [1, 1]] correspond to [[1, 1], [1, 3]]
[[1 1 0]
 [0 0 0]]
[[1 2 0]
 [0 0 0]]
---------end of hseq------------
--hseq: [[2, 0], [-1, 1]] correspond to [[1, 1, -2], [1, 3, -1]]
[[ 1  1  0]
 [-2  0  0]
 [ 0  0  0]]
[[ 1  2  0]
 [-1  0  0]
 [ 0  0  0]]
---------end of hseq------------
--hseq: [[2, 0, 1], [-1, 1, 1]] correspond to [[1, 1, -2, 3], [1, 3, -1, 2]]

[[ 1  1  3  0]
 [-2  0  0  0]
 [ 0  0  0  0]]
[[ 1  2  3  0]
 [-1  0  0  0]
 [ 0  0  0  0]]

---------end of hseq------------
--hseq: [[2, 0, 2], [-1, 1, 2]] correspond to [[1, 1, -2, 3, 3], [1, 3, -1, 2, 3]]
[[ 1  1  3  0]
 [ 3 -2  0  0]
 [ 0  0  0  0]]
[[ 1  2  3  0]
 [ 3 -1  0  0]
 [ 0  0  0  0]]
----------------
[[ 1  1 -2  0]
 [ 3  3  0  0]
 [ 0  0  0  0]]
[[ 1  3 -1  0]
 [ 2  3  0  0]
 [ 0  0  0  0]]
---------end of hseq------------
True
True 
