384 -32 -32 -32 -24 -24 -32 -24 -24 -24 -24 -32 -24 -24 -32 -32 -64 -64 -24 32 32 -24 32 32 32 32 -24 32 32 -24 -32 -64 -64 -24 32 32 -24 32 32 32 32 -24 32 32 -24 -24 32 32 -24 32 32 -32 -64 -64 -24 32 32 -24 32 32 -24 32 32 -24 32 32 -32 -64 -64 -24 32 32 -24 32 32 32 32 -24 32 32 -24 -24 32 32 -24 32 32 -32 -64 -64 32 32 -24 32 32 -24 -24 32 32 -24 32 32 -32 -64 -64;
 -32 384 -32 -24 -32 -24 -24 -24 -32 -32 -24 -24 -24 -32 -24 -64 -32 -64 32 -24 32 32 32 -24 -24 32 32 32 -24 32 -64 -32 -64 32 -24 32 32 32 -24 -24 32 32 32 -24 32 32 -24 32 32 -24 32 -24 32 32 -32 -64 -64 -24 32 32 32 32 -24 32 32 -24 -24 32 32 -24 32 32 -32 -64 -64 -24 32 32 -24 32 32 -32 -64 -64 -24 32 32 -24 32 32 32 -24 32 32 -24 32 -24 32 32 -32 -64 -64 -24 32 32;
 -32 -32 384 -24 -24 -32 -24 -32 -24 -24 -32 -24 -32 -24 -24 -64 -64 -32 32 32 -24 32 -24 32 32 -24 32 -24 32 32 -64 -64 -32 32 32 -24 32 -24 32 32 -24 32 -24 32 32 32 32 -24 32 32 -24 -24 32 32 -24 32 32 -32 -64 -64 32 -24 32 32 -24 32 -24 32 32 -32 -64 -64 -24 32 32 32 -24 32 32 -24 32 -24 32 32 -32 -64 -64 -24 32 32 -24 32 32 -24 32 32 -32 -64 -64 -24 32 32 -24 32 32;
 -32 -24 -24 384 -32 -32 -32 -24 -24 -24 -32 -24 -24 -32 -24 -24 32 32 -32 -64 -64 -24 32 32 32 -24 32 32 -24 32 -24 32 32 -24 32 32 -32 -64 -64 -24 32 32 -24 32 32 -32 -64 -64 -24 32 32 -24 32 32 32 32 -24 32 32 -24 -24 32 32 -32 -64 -64 -24 32 32 32 -24 32 32 -24 32 32 -24 32 -24 32 32 32 32 -24 32 -24 32 -64 -32 -64 32 -24 32 -24 32 32 32 32 -24 32 -24 32 -64 -32 -64;
 -24 -32 -24 -32 384 -32 -24 -32 -24 -32 -24 -24 -24 -24 -32 32 -24 32 -64 -32 -64 32 -24 32 -24 32 32 32 32 -24 32 -24 32 32 -24 32 -24 32 32 -32 -64 -64 -24 32 32 -64 -32 -64 32 -24 32 32 32 -24 -24 32 32 32 -24 32 32 -24 32 -24 32 32 32 32 -24 32 -24 32 -64 -32 -64 -24 32 32 -32 -64 -64 -24 32 32 32 -24 32 32 -24 32 32 32 -24 -24 32 32 32 -24 32 -64 -32 -64 32 -24 32;
 -24 -24 -32 -32 -32 384 -24 -24 -32 -24 -24 -32 -32 -24 -24 32 32 -24 -64 -64 -32 32 32 -24 32 32 -24 -24 32 32 32 32 -24 32 32 -24 -24 32 32 -24 32 32 -32 -64 -64 -64 -64 -32 32 32 -24 32 -24 32 32 -24 32 -24 32 32 32 32 -24 -24 32 32 32 -24 32 -64 -32 -64 32 -24 32 32 32 -24 -24 32 32 32 -24 32 -64 -32 -64 32 -24 32 -24 32 32 -32 -64 -64 -24 32 32 32 -24 32 32 -24 32;
 -32 -24 -24 -32 -24 -24 384 -32 -32 -32 -24 -24 -32 -24 -24 -24 32 32 -24 32 32 -32 -64 -64 -24 32 32 -24 32 32 -24 32 32 -32 -64 -64 -24 32 32 32 -24 32 32 -24 32 -24 32 32 -32 -64 -64 -24 32 32 32 -24 32 32 -24 32 -32 -64 -64 -24 32 32 -24 32 32 32 32 -24 32 32 -24 -24 32 32 32 -24 32 32 -24 32 32 32 -24 -64 -64 -32 -24 32 32 32 -24 32 32 -24 32 32 32 -24 -64 -64 -32;
 -24 -24 -32 -24 -32 -24 -32 384 -32 -24 -32 -24 -24 -24 -32 32 32 -24 32 -24 32 -64 -32 -64 32 -24 32 32 32 -24 32 32 -24 -24 32 32 32 -24 32 -64 -32 -64 32 -24 32 32 -24 32 -24 32 32 32 32 -24 32 -24 32 -64 -32 -64 -64 -32 -64 32 -24 32 32 32 -24 -24 32 32 32 -24 32 32 -24 32 -64 -32 -64 32 -24 32 -24 32 32 32 32 -24 32 32 -24 32 -24 32 -64 -32 -64 32 -24 32 32 32 -24;
 -24 -32 -24 -24 -24 -32 -32 -32 384 -24 -24 -32 -24 -32 -24 32 -24 32 32 32 -24 -64 -64 -32 32 32 -24 32 -24 32 32 -24 32 -24 32 32 32 32 -24 32 -24 32 -64 -32 -64 32 32 -24 -24 32 32 32 -24 32 -64 -32 -64 32 -24 32 -64 -64 -32 32 32 -24 32 -24 32 32 -24 32 -24 32 32 32 32 -24 32 -24 32 -64 -32 -64 32 -24 32 32 32 -24 32 -24 32 -64 -32 -64 32 -24 32 -24 32 32 32 32 -24;
 -24 -32 -24 -24 -32 -24 -32 -24 -24 384 -32 -32 -32 -24 -24 32 -24 32 32 -24 32 -24 32 32 -32 -64 -64 -24 32 32 32 -24 32 -64 -32 -64 32 -24 32 -24 32 32 32 32 -24 32 -24 32 -64 -32 -64 32 -24 32 -24 32 32 32 32 -24 -24 32 32 32 -24 32 32 -24 32 32 32 -24 -64 -64 -32 -32 -64 -64 -24 32 32 -24 32 32 32 32 -24 32 32 -24 -24 32 32 32 32 -24 32 32 -24 -64 -64 -32 32 32 -24;
 -24 -24 -32 -32 -24 -24 -24 -32 -24 -32 384 -32 -24 -32 -24 32 32 -24 -24 32 32 32 -24 32 -64 -32 -64 32 -24 32 32 32 -24 32 -24 32 -64 -32 -64 32 -24 32 32 32 -24 -24 32 32 32 -24 32 32 -24 32 32 32 -24 -64 -64 -32 32 -24 32 -64 -32 -64 32 -24 32 -24 32 32 32 32 -24 -64 -32 -64 32 -24 32 32 32 -24 -24 32 32 32 -24 32 32 -24 32 32 32 -24 -64 -64 -32 32 32 -24 32 -24 32;
 -32 -24 -24 -24 -24 -32 -24 -24 -32 -32 -32 384 -24 -24 -32 -24 32 32 32 32 -24 32 32 -24 -64 -64 -32 32 32 -24 -24 32 32 32 -24 32 32 -24 32 32 32 -24 -64 -64 -32 32 32 -24 32 -24 32 -64 -32 -64 32 -24 32 32 32 -24 32 32 -24 32 -24 32 -64 -32 -64 32 -24 32 32 32 -24 -64 -64 -32 32 32 -24 32 -24 32 32 -24 32 -24 32 32 32 32 -24 -64 -64 -32 32 32 -24 32 32 -24 -24 32 32;
 -24 -24 -32 -24 -24 -32 -32 -24 -24 -32 -24 -24 384 -32 -32 32 32 -24 32 32 -24 -24 32 32 -24 32 32 -32 -64 -64 32 32 -24 -64 -64 -32 32 32 -24 32 32 -24 -24 32 32 32 32 -24 -64 -64 -32 32 32 -24 32 32 -24 -24 32 32 -24 32 32 32 32 -24 32 32 -24 -64 -64 -32 32 32 -24 -24 32 32 32 32 -24 32 32 -24 -64 -64 -32 32 32 -24 -32 -64 -64 -24 32 32 -24 32 32 32 32 -24 32 32 -24;
 -24 -32 -24 -32 -24 -24 -24 -24 -32 -24 -32 -24 -32 384 -32 32 -24 32 -24 32 32 32 32 -24 32 -24 32 -64 -32 -64 32 -24 32 32 32 -24 -64 -64 -32 32 32 -24 32 -24 32 -24 32 32 32 32 -24 32 32 -24 -64 -64 -32 32 32 -24 32 32 -24 -64 -64 -32 32 32 -24 32 32 -24 -24 32 32 32 -24 32 32 32 -24 -64 -64 -32 32 32 -24 32 -24 32 -64 -32 -64 32 -24 32 32 32 -24 -24 32 32 32 -24 32;
 -32 -24 -24 -24 -32 -24 -24 -32 -24 -24 -24 -32 -32 -32 384 -24 32 32 32 -24 32 32 -24 32 32 32 -24 -64 -64 -32 -24 32 32 32 32 -24 32 32 -24 -64 -64 -32 32 32 -24 32 -24 32 32 32 -24 -64 -64 -32 32 32 -24 32 -24 32 32 -24 32 32 32 -24 -64 -64 -32 32 32 -24 32 -24 32 32 32 -24 -64 -64 -32 32 32 -24 32 32 -24 -24 32 32 -64 -64 -32 32 32 -24 32 -24 32 32 -24 32 -24 32 32;
 -32 -64 -64 -24 32 32 -24 32 32 32 32 -24 32 32 -24 384 -32 -32 -32 -24 -24 -32 -24 -24 -24 -24 -32 -24 -24 -32 -32 -64 -64 -24 32 32 -24 32 32 32 32 -24 32 32 -24 -24 32 32 -32 -24 -24 -24 32 32 32 -64 32 32 -64 32 -24 32 32 -32 -24 -24 -24 32 32 32 -64 32 32 -64 32 32 32 -24 -24 -24 -32 32 32 -64 32 32 -64 -24 32 32 32 32 -24 -24 -24 -32 32 32 -64 32 32 -64 -24 32 32;
 -64 -32 -64 32 -24 32 32 32 -24 -24 32 32 32 -24 32 -32 384 -32 -24 -32 -24 -24 -24 -32 -32 -24 -24 -24 -32 -24 -64 -32 -64 32 -24 32 32 32 -24 -24 32 32 32 -24 32 32 -24 32 -24 -32 -24 32 -64 32 -24 32 32 32 32 -64 32 32 -24 -24 -24 -32 32 32 -64 32 32 -64 -24 32 32 -24 32 32 -32 -24 -24 -24 32 32 32 -64 32 32 -64 32 32 -24 32 -24 -32 -24 32 -64 32 -24 32 32 32 32 -64;
 -64 -64 -32 32 32 -24 32 -24 32 32 -24 32 -24 32 32 -32 -32 384 -24 -24 -32 -24 -32 -24 -24 -32 -24 -32 -24 -24 -64 -64 -32 32 32 -24 32 -24 32 32 -24 32 -24 32 32 32 32 -24 -24 -24 -32 32 32 -64 32 32 -64 -24 32 32 32 -24 32 -24 -32 -24 32 -64 32 -24 32 32 32 32 -64 32 -24 32 -24 -32 -24 32 -64 32 -24 32 32 32 32 -64 -24 32 32 -32 -24 -24 -24 32 32 32 -64 32 32 -64 32;
 -24 32 32 -32 -64 -64 -24 32 32 32 -24 32 32 -24 32 -32 -24 -24 384 -32 -32 -32 -24 -24 -24 -32 -24 -24 -32 -24 -24 32 32 -32 -24 -24 -24 32 32 32 -64 32 32 -64 32 -32 -64 -64 -24 32 32 -24 32 32 32 32 -24 32 32 -24 -24 32 32 -24 32 32 -32 -24 -24 -64 32 32 -64 32 32 32 -24 32 32 32 -64 -24 -24 -32 32 32 -64 32 -24 32 32 -24 32 32 32 -64 -24 -24 -32 32 32 -64 32 -24 32;
 32 -24 32 -64 -32 -64 32 -24 32 -24 32 32 32 32 -24 -24 -32 -24 -32 384 -32 -24 -32 -24 -32 -24 -24 -24 -24 -32 32 -24 32 -24 -32 -24 32 -64 32 -24 32 32 32 32 -64 -64 -32 -64 32 -24 32 32 32 -24 -24 32 32 32 -24 32 32 -24 32 32 32 -64 -24 -24 -32 32 32 -64 32 -24 32 -24 32 32 -24 32 32 -32 -24 -24 -64 32 32 -64 32 32 32 32 -24 32 -64 32 -24 -32 -24 32 -24 32 32 32 -64;
 32 32 -24 -64 -64 -32 32 32 -24 32 32 -24 -24 32 32 -24 -24 -32 -32 -32 384 -24 -24 -32 -24 -24 -32 -32 -24 -24 32 32 -24 -24 -24 -32 32 32 -64 32 32 -64 -24 32 32 -64 -64 -32 32 32 -24 32 -24 32 32 -24 32 -24 32 32 32 32 -24 32 -64 32 -24 -32 -24 32 -24 32 32 32 -64 32 32 -24 32 -64 32 -24 -32 -24 32 -24 32 32 32 -64 -24 32 32 -24 32 32 -32 -24 -24 -64 32 32 -64 32 32;
 -24 32 32 -24 32 32 -32 -64 -64 -24 32 32 -24 32 32 -32 -24 -24 -32 -24 -24 384 -32 -32 -32 -24 -24 -32 -24 -24 -24 32 32 -24 32 32 -32 -24 -24 -64 32 32 -64 32 32 -24 32 32 -24 32 32 -32 -24 -24 -64 32 32 -64 32 32 -32 -64 -64 -24 32 32 -24 32 32 32 32 -24 32 32 -24 -24 32 32 32 32 -64 32 32 -64 -24 -24 -32 32 32 -24 -24 32 32 32 32 -64 32 32 -64 -24 -24 -32 32 32 -24;
 32 32 -24 32 -24 32 -64 -32 -64 32 -24 32 32 32 -24 -24 -24 -32 -24 -32 -24 -32 384 -32 -24 -32 -24 -24 -24 -32 32 32 -24 32 -64 32 -24 -32 -24 32 -24 32 32 32 -64 32 -24 32 32 32 -64 -24 -24 -32 32 32 -64 32 -24 32 -64 -32 -64 32 -24 32 32 32 -24 -24 32 32 32 -24 32 32 -24 32 32 -24 32 -64 32 32 -32 -24 -24 -64 32 32 32 32 -24 -64 32 32 32 -24 32 -24 -32 -24 32 -64 32;
 32 -24 32 32 32 -24 -64 -64 -32 32 32 -24 32 -24 32 -24 -32 -24 -24 -24 -32 -32 -32 384 -24 -24 -32 -24 -32 -24 32 -24 32 32 32 -64 -24 -24 -32 32 32 -64 32 -24 32 32 32 -24 32 -64 32 -24 -32 -24 32 -24 32 32 32 -64 -64 -64 -32 32 32 -24 32 -24 32 32 -24 32 -24 32 32 32 32 -24 -64 32 32 32 -24 32 -24 -32 -24 32 -64 32 32 -24 32 32 -24 32 -64 32 32 -32 -24 -24 -64 32 32;
 32 -24 32 32 -24 32 -24 32 32 -32 -64 -64 -24 32 32 -24 -32 -24 -24 -32 -24 -32 -24 -24 384 -32 -32 -32 -24 -24 32 -24 32 32 -24 32 -64 32 32 -32 -24 -24 -64 32 32 32 -24 32 32 -24 32 -64 32 32 -32 -24 -24 -64 32 32 -24 32 32 32 32 -64 32 32 -64 -24 -24 -32 32 32 -24 -32 -64 -64 -24 32 32 -24 32 32 32 32 -24 32 32 -24 -24 32 32 32 -64 32 32 -64 32 32 32 -24 -24 -24 -32;
 32 32 -24 -24 32 32 32 -24 32 -64 -32 -64 32 -24 32 -24 -24 -32 -32 -24 -24 -24 -32 -24 -32 384 -32 -24 -32 -24 32 32 -24 -64 32 32 32 -24 32 -24 -32 -24 32 -64 32 -24 32 32 32 32 -64 32 32 -64 -24 -24 -32 32 32 -24 32 -24 32 32 -24 32 -64 32 32 -32 -24 -24 -64 32 32 -64 -32 -64 32 -24 32 32 32 -24 -24 32 32 32 -24 32 32 -24 32 -64 32 32 32 32 -24 32 -64 32 -24 -32 -24;
 -24 32 32 32 32 -24 32 32 -24 -64 -64 -32 32 32 -24 -32 -24 -24 -24 -24 -32 -24 -24 -32 -32 -32 384 -24 -24 -32 -24 32 32 32 32 -64 32 32 -64 -24 -24 -32 32 32 -24 32 32 -24 -64 32 32 32 -24 32 -24 -32 -24 32 -64 32 32 32 -24 -64 32 32 32 -24 32 -24 -32 -24 32 -64 32 -64 -64 -32 32 32 -24 32 -24 32 32 -24 32 -24 32 32 32 32 -24 32 32 -24 -64 32 32 -64 32 32 -32 -24 -24;
 32 32 -24 32 32 -24 -24 32 32 -24 32 32 -32 -64 -64 -24 -24 -32 -24 -24 -32 -32 -24 -24 -32 -24 -24 384 -32 -32 32 32 -24 32 32 -24 -64 32 32 -64 32 32 -32 -24 -24 32 32 -24 32 32 -24 -64 32 32 -64 32 32 -32 -24 -24 -24 32 32 32 -64 32 32 -64 32 32 32 -24 -24 -24 -32 -24 32 32 32 -64 32 32 -64 32 32 32 -24 -24 -24 -32 -32 -64 -64 -24 32 32 -24 32 32 32 32 -24 32 32 -24;
 32 -24 32 -24 32 32 32 32 -24 32 -24 32 -64 -32 -64 -24 -32 -24 -32 -24 -24 -24 -24 -32 -24 -32 -24 -32 384 -32 32 -24 32 -64 32 32 32 32 -24 32 -64 32 -24 -32 -24 -24 32 32 32 -64 32 32 -64 32 32 32 -24 -24 -24 -32 32 32 -24 32 32 -24 -64 32 32 -64 32 32 -32 -24 -24 32 -24 32 -64 32 32 32 32 -24 32 -64 32 -24 -32 -24 -64 -32 -64 32 -24 32 32 32 -24 -24 32 32 32 -24 32;
 -24 32 32 32 -24 32 32 -24 32 32 32 -24 -64 -64 -32 -32 -24 -24 -24 -32 -24 -24 -32 -24 -24 -24 -32 -32 -32 384 -24 32 32 32 -64 32 32 -64 32 32 32 -24 -24 -24 -32 32 -24 32 -64 32 32 32 32 -24 32 -64 32 -24 -32 -24 32 -24 32 -64 32 32 32 32 -24 32 -64 32 -24 -32 -24 32 32 -24 32 32 -24 -64 32 32 -64 32 32 -32 -24 -24 -64 -64 -32 32 32 -24 32 -24 32 32 -24 32 -24 32 32;
 -32 -64 -64 -24 32 32 -24 32 32 32 32 -24 32 32 -24 -32 -64 -64 -24 32 32 -24 32 32 32 32 -24 32 32 -24 384 -32 -32 -32 -24 -24 -32 -24 -24 -24 -24 -32 -24 -24 -32 -32 -24 -24 -24 32 32 -24 32 32 32 32 -64 32 32 -64 -32 -24 -24 -24 32 32 -24 32 32 32 32 -64 32 32 -64 -24 -24 -32 32 32 -24 32 -64 32 32 -64 32 -24 32 32 -24 -24 -32 32 32 -24 32 -64 32 32 -64 32 -24 32 32;
 -64 -32 -64 32 -24 32 32 32 -24 -24 32 32 32 -24 32 -64 -32 -64 32 -24 32 32 32 -24 -24 32 32 32 -24 32 -32 384 -32 -24 -32 -24 -24 -24 -32 -32 -24 -24 -24 -32 -24 -24 -32 -24 32 -24 32 32 32 -64 -24 32 32 32 -64 32 -24 -24 -32 32 32 -24 32 -64 32 32 -64 32 -24 32 32 -32 -24 -24 -24 32 32 -24 32 32 32 32 -64 32 32 -64 -24 -32 -24 32 -24 32 32 32 -64 -24 32 32 32 -64 32;
 -64 -64 -32 32 32 -24 32 -24 32 32 -24 32 -24 32 32 -64 -64 -32 32 32 -24 32 -24 32 32 -24 32 -24 32 32 -32 -32 384 -24 -24 -32 -24 -32 -24 -24 -32 -24 -32 -24 -24 -24 -24 -32 32 32 -24 32 -64 32 32 -64 32 -24 32 32 -24 -32 -24 32 -24 32 32 32 -64 -24 32 32 32 -64 32 -24 -32 -24 32 -24 32 32 32 -64 -24 32 32 32 -64 32 -32 -24 -24 -24 32 32 -24 32 32 32 32 -64 32 32 -64;
 -24 32 32 -24 32 32 -32 -24 -24 -64 32 32 -64 32 32 -24 32 32 -32 -24 -24 -24 32 32 32 -64 32 32 -64 32 -32 -24 -24 384 -32 -32 -32 -24 -24 -24 -32 -24 -24 -32 -24 -24 32 32 -32 -64 -64 -24 32 32 32 -24 32 32 -24 32 -24 32 32 -24 32 32 -32 -24 -24 -64 32 32 -64 32 32 32 32 -64 32 -24 32 -24 -32 -24 32 -64 32 32 32 -24 32 32 -64 32 -24 32 -24 -32 -24 32 -64 32 32 32 -24;
 32 -24 32 32 -24 32 -64 32 32 -32 -24 -24 -64 32 32 32 -24 32 -24 -32 -24 32 -64 32 -24 32 32 32 32 -64 -24 -32 -24 -32 384 -32 -24 -32 -24 -32 -24 -24 -24 -24 -32 32 -24 32 -64 -32 -64 32 -24 32 -24 32 32 32 32 -24 32 32 -64 32 -24 32 -24 -32 -24 32 -64 32 32 32 -24 -24 32 32 -24 32 32 -32 -24 -24 -64 32 32 -64 32 32 32 -64 32 32 32 -24 -24 -24 -32 32 32 -24 32 -64 32;
 32 32 -24 32 32 -24 -64 32 32 -64 32 32 -32 -24 -24 32 32 -24 -24 -24 -32 32 32 -64 32 32 -64 -24 32 32 -24 -24 -32 -32 -32 384 -24 -24 -32 -24 -24 -32 -32 -24 -24 32 32 -24 -64 -64 -32 32 32 -24 32 32 -24 -24 32 32 32 -64 32 32 32 -24 -24 -24 -32 32 32 -24 32 -64 32 32 -64 32 32 32 -24 -24 -24 -32 32 32 -24 32 -64 32 -24 32 32 -24 32 32 -32 -24 -24 -64 32 32 -64 32 32;
 -24 32 32 -32 -24 -24 -24 32 32 32 -64 32 32 -64 32 -24 32 32 -24 32 32 -32 -24 -24 -64 32 32 -64 32 32 -32 -24 -24 -32 -24 -24 384 -32 -32 -32 -24 -24 -32 -24 -24 -24 32 32 -24 32 32 -32 -24 -24 -64 32 32 -64 32 32 -24 32 32 -32 -64 -64 -24 32 32 32 -24 32 32 -24 32 32 32 -64 -24 32 32 32 -64 32 -24 -32 -24 32 -24 32 32 32 -64 -24 32 32 32 -64 32 -24 -32 -24 32 -24 32;
 32 32 -24 -64 32 32 32 -24 32 -24 -32 -24 32 -64 32 32 32 -24 32 -64 32 -24 -32 -24 32 -24 32 32 32 -64 -24 -24 -32 -24 -32 -24 -32 384 -32 -24 -32 -24 -24 -24 -32 32 32 -64 32 -24 32 -24 -32 -24 32 -64 32 32 32 -24 32 -24 32 -64 -32 -64 32 -24 32 -24 32 32 32 32 -24 32 -24 32 32 -24 32 -64 32 32 -32 -24 -24 -64 32 32 -64 32 32 32 32 -24 32 32 -24 -24 -24 -32 32 32 -64;
 32 -24 32 -64 32 32 32 32 -24 32 -64 32 -24 -32 -24 32 -24 32 32 32 -64 -24 -24 -32 32 32 -64 32 -24 32 -24 -32 -24 -24 -24 -32 -32 -32 384 -24 -24 -32 -24 -32 -24 32 -64 32 32 32 -24 -24 -24 -32 32 32 -24 32 -64 32 32 32 -24 -64 -64 -32 32 32 -24 32 32 -24 -24 32 32 -64 32 32 32 32 -24 32 32 -24 -24 -24 -32 32 32 -64 32 -24 32 32 -24 32 -64 32 32 -32 -24 -24 -64 32 32;
 32 -24 32 -24 -32 -24 32 -64 32 -24 32 32 32 32 -64 32 -24 32 32 -24 32 -64 32 32 -32 -24 -24 -64 32 32 -24 -32 -24 -24 -32 -24 -32 -24 -24 384 -32 -32 -32 -24 -24 32 -24 32 32 -24 32 -64 32 32 -32 -24 -24 -64 32 32 32 32 -64 -24 32 32 32 -64 32 -24 -32 -24 32 -24 32 -24 32 32 -32 -64 -64 -24 32 32 32 -24 32 32 -24 32 32 -64 32 -24 32 32 32 32 -64 32 -24 32 -24 -32 -24;
 32 32 -24 32 -64 32 -24 -32 -24 32 -24 32 32 32 -64 32 32 -24 -64 32 32 32 -24 32 -24 -32 -24 32 -64 32 -24 -24 -32 -32 -24 -24 -24 -32 -24 -32 384 -32 -24 -32 -24 32 32 -64 -24 32 32 32 -64 32 -24 -32 -24 32 -24 32 32 -24 32 32 -24 32 -64 32 32 -32 -24 -24 -64 32 32 32 -24 32 -64 -32 -64 32 -24 32 -24 32 32 32 32 -24 -64 32 32 32 -24 32 32 -24 32 32 32 -64 -24 -24 -32;
 -24 32 32 32 -64 32 32 -64 32 32 32 -24 -24 -24 -32 -24 32 32 32 32 -64 32 32 -64 -24 -24 -32 32 32 -24 -32 -24 -24 -24 -24 -32 -24 -24 -32 -32 -32 384 -24 -24 -32 -64 32 32 32 32 -24 32 32 -24 -24 -24 -32 32 32 -64 -64 32 32 32 32 -24 32 32 -24 -24 -24 -32 32 32 -64 32 32 -24 -64 -64 -32 32 32 -24 32 32 -24 -24 32 32 32 32 -24 32 32 -24 -64 32 32 -64 32 32 -32 -24 -24;
 32 32 -24 -24 -24 -32 32 32 -64 32 32 -64 -24 32 32 32 32 -24 32 32 -24 -64 32 32 -64 32 32 -32 -24 -24 -24 -24 -32 -24 -24 -32 -32 -24 -24 -32 -24 -24 384 -32 -32 32 32 -24 32 32 -24 -64 32 32 -64 32 32 -32 -24 -24 32 -64 32 -24 32 32 32 32 -64 32 -24 32 -24 -32 -24 32 -64 32 -24 32 32 32 32 -64 32 -24 32 -24 -32 -24 -24 32 32 -32 -64 -64 -24 32 32 32 -24 32 32 -24 32;
 32 -24 32 32 32 -64 -24 -24 -32 32 32 -64 32 -24 32 32 -24 32 -64 32 32 32 32 -24 32 -64 32 -24 -32 -24 -24 -32 -24 -32 -24 -24 -24 -24 -32 -24 -32 -24 -32 384 -32 32 -64 32 -24 32 32 32 32 -64 32 -24 32 -24 -32 -24 32 32 -24 32 32 -24 -64 32 32 -64 32 32 -32 -24 -24 -64 32 32 32 -24 32 32 -24 32 32 32 -64 -24 -24 -32 32 -24 32 -64 -32 -64 32 -24 32 -24 32 32 32 32 -24;
 -24 32 32 32 32 -64 32 32 -64 -24 -24 -32 32 32 -24 -24 32 32 32 -64 32 32 -64 32 32 32 -24 -24 -24 -32 -32 -24 -24 -24 -32 -24 -24 -32 -24 -24 -24 -32 -32 -32 384 -64 32 32 32 -24 32 32 -24 32 32 32 -64 -24 -24 -32 -64 32 32 32 -24 32 32 -24 32 32 32 -64 -24 -24 -32 32 32 -24 32 32 -24 -64 32 32 -64 32 32 -32 -24 -24 32 32 -24 -64 -64 -32 32 32 -24 32 32 -24 -24 32 32;
 -24 32 32 -32 -64 -64 -24 32 32 32 -24 32 32 -24 32 -24 32 32 -32 -64 -64 -24 32 32 32 -24 32 32 -24 32 -32 -24 -24 -24 32 32 -24 32 32 32 32 -64 32 32 -64 384 -32 -32 -32 -24 -24 -32 -24 -24 -24 -24 -32 -24 -24 -32 -32 -24 -24 -24 32 32 -24 32 32 32 32 -64 32 32 -64 -24 -32 -24 32 -64 32 32 32 -24 -64 32 32 32 -24 32 -24 -32 -24 32 -64 32 32 32 -24 -64 32 32 32 -24 32;
 32 -24 32 -64 -32 -64 32 -24 32 -24 32 32 32 32 -24 32 -24 32 -64 -32 -64 32 -24 32 -24 32 32 32 32 -24 -24 -32 -24 32 -24 32 32 32 -64 -24 32 32 32 -64 32 -32 384 -32 -24 -32 -24 -24 -24 -32 -32 -24 -24 -24 -32 -24 -24 -32 -24 32 -64 32 32 32 -24 -64 32 32 32 -24 32 -32 -24 -24 -24 32 32 -24 32 32 32 32 -64 32 32 -64 -24 -24 -32 32 32 -64 32 -24 32 32 -24 32 -64 32 32;
 32 32 -24 -64 -64 -32 32 32 -24 32 32 -24 -24 32 32 32 32 -24 -64 -64 -32 32 32 -24 32 32 -24 -24 32 32 -24 -24 -32 32 32 -24 32 -64 32 32 -64 32 -24 32 32 -32 -32 384 -24 -24 -32 -24 -32 -24 -24 -32 -24 -32 -24 -24 -24 -24 -32 32 32 -64 32 -24 32 32 -24 32 -64 32 32 -24 -24 -32 32 32 -64 32 -24 32 32 -24 32 -64 32 32 -32 -24 -24 -24 32 32 -24 32 32 32 32 -64 32 32 -64;
 -24 32 32 -24 32 32 -32 -24 -24 -64 32 32 -64 32 32 -32 -24 -24 -24 32 32 -24 32 32 32 32 -64 32 32 -64 -24 32 32 -32 -64 -64 -24 32 32 32 -24 32 32 -24 32 -32 -24 -24 384 -32 -32 -32 -24 -24 -24 -32 -24 -24 -32 -24 -24 32 32 -32 -24 -24 -24 32 32 32 -64 32 32 -64 32 32 -64 32 -24 -32 -24 32 -24 32 -64 32 32 32 32 -24 32 -64 32 -24 -32 -24 32 -24 32 -64 32 32 32 32 -24;
 32 -24 32 32 -24 32 -64 32 32 -32 -24 -24 -64 32 32 -24 -32 -24 32 -24 32 32 32 -64 -24 32 32 32 -64 32 32 -24 32 -64 -32 -64 32 -24 32 -24 32 32 32 32 -24 -24 -32 -24 -32 384 -32 -24 -32 -24 -32 -24 -24 -24 -24 -32 32 -64 32 -24 -32 -24 32 -24 32 -64 32 32 32 32 -24 -24 32 32 -32 -24 -24 -24 32 32 32 -64 32 32 -64 32 32 32 -64 -24 -24 -32 32 32 -24 32 32 -24 -64 32 32;
 32 32 -24 32 32 -24 -64 32 32 -64 32 32 -32 -24 -24 -24 -24 -32 32 32 -24 32 -64 32 32 -64 32 -24 32 32 32 32 -24 -64 -64 -32 32 32 -24 32 32 -24 -24 32 32 -24 -24 -32 -32 -32 384 -24 -24 -32 -24 -24 -32 -32 -24 -24 32 32 -64 -24 -24 -32 32 32 -24 32 32 -24 -64 32 32 32 32 -64 -24 -24 -32 32 32 -24 32 32 -24 -64 32 32 -24 32 32 -32 -24 -24 -24 32 32 32 -64 32 32 -64 32;
 -32 -24 -24 -24 32 32 -24 32 32 32 32 -64 32 32 -64 -24 32 32 -24 32 32 -32 -24 -24 -64 32 32 -64 32 32 -24 32 32 -24 32 32 -32 -24 -24 -64 32 32 -64 32 32 -32 -24 -24 -32 -24 -24 384 -32 -32 -32 -24 -24 -32 -24 -24 -24 32 32 -24 32 32 -32 -64 -64 -24 32 32 -24 32 32 32 -64 32 32 -64 32 -24 32 32 -32 -24 -24 -24 32 32 32 -64 32 32 -64 32 -24 32 32 -32 -24 -24 -24 32 32;
 -64 32 32 32 32 -24 32 32 -24 -24 -24 -32 32 32 -64 32 -64 32 32 32 -24 -24 -24 -32 32 32 -24 32 -64 32 32 32 -64 32 -24 32 -24 -32 -24 32 -64 32 32 32 -24 -24 -24 -32 -24 -32 -24 -32 384 -32 -24 -32 -24 -24 -24 -32 32 32 -24 32 -24 32 -64 -32 -64 32 -24 32 32 32 -24 32 32 -24 -64 32 32 32 -24 32 -24 -32 -24 32 -64 32 -64 32 32 32 32 -24 32 32 -24 -24 -24 -32 32 32 -64;
 -64 32 32 32 -24 32 32 -24 32 32 32 -64 -24 -24 -32 32 32 -64 32 -24 32 -24 -32 -24 32 -64 32 32 32 -24 32 -64 32 32 32 -24 -24 -24 -32 32 32 -24 32 -64 32 -24 -32 -24 -24 -24 -32 -32 -32 384 -24 -24 -32 -24 -32 -24 32 -24 32 32 32 -24 -64 -64 -32 32 32 -24 32 -24 32 -64 32 32 32 32 -24 32 32 -24 -24 -24 -32 32 32 -64 32 32 -24 -64 32 32 32 -24 32 -24 -32 -24 32 -64 32;
 -24 -32 -24 32 -24 32 32 32 -64 -24 32 32 32 -64 32 32 -24 32 32 -24 32 -64 32 32 -32 -24 -24 -64 32 32 32 -24 32 32 -24 32 -64 32 32 -32 -24 -24 -64 32 32 -24 -32 -24 -24 -32 -24 -32 -24 -24 384 -32 -32 -32 -24 -24 32 -64 32 32 -64 32 -24 32 32 -32 -24 -24 -24 32 32 -24 32 32 -24 32 32 -32 -64 -64 -24 32 32 -24 32 32 32 32 -64 32 32 -64 -24 32 32 -24 32 32 -32 -24 -24;
 32 -64 32 32 32 -24 -24 -24 -32 32 32 -24 32 -64 32 -64 32 32 32 32 -24 32 32 -24 -24 -24 -32 32 32 -64 32 32 -64 -24 32 32 32 -64 32 -24 -32 -24 32 -24 32 -24 -24 -32 -32 -24 -24 -24 -32 -24 -32 384 -32 -24 -32 -24 32 32 -24 -64 32 32 32 -24 32 -24 -32 -24 32 -64 32 32 32 -24 32 -24 32 -64 -32 -64 32 -24 32 32 32 -24 -64 32 32 32 -24 32 32 -24 32 32 32 -64 -24 -24 -32;
 32 -64 32 -24 32 32 32 32 -64 32 -24 32 -24 -32 -24 32 32 -64 -24 32 32 32 -64 32 -24 -32 -24 32 -24 32 -64 32 32 32 32 -24 32 32 -24 -24 -24 -32 32 32 -64 -32 -24 -24 -24 -24 -32 -24 -24 -32 -32 -32 384 -24 -24 -32 -64 32 32 32 32 -24 32 32 -24 -24 -24 -32 32 32 -64 32 -24 32 32 32 -24 -64 -64 -32 32 32 -24 32 -24 32 32 -24 32 -64 32 32 32 32 -24 32 -64 32 -24 -32 -24;
 -24 -24 -32 32 32 -24 32 -64 32 32 -64 32 -24 32 32 32 32 -24 32 32 -24 -64 32 32 -64 32 32 -32 -24 -24 32 32 -24 32 32 -24 -64 32 32 -64 32 32 -32 -24 -24 -24 -24 -32 -24 -24 -32 -32 -24 -24 -32 -24 -24 384 -32 -32 32 32 -64 32 32 -64 -24 32 32 -24 32 32 -32 -24 -24 32 32 -64 32 32 -64 -24 32 32 -24 32 32 -32 -24 -24 -24 32 32 -24 32 32 -32 -64 -64 -24 32 32 -24 32 32;
 32 32 -64 32 -24 32 -24 -32 -24 32 -64 32 32 32 -24 -64 32 32 32 -24 32 32 -24 32 32 32 -64 -24 -24 -32 32 -64 32 -24 32 32 32 32 -64 32 -24 32 -24 -32 -24 -24 -32 -24 -32 -24 -24 -24 -24 -32 -24 -32 -24 -32 384 -32 32 -24 32 -64 32 32 32 32 -24 32 -64 32 -24 -32 -24 -64 32 32 32 -24 32 32 -24 32 32 32 -64 -24 -24 -32 32 32 -24 32 -24 32 -64 -32 -64 32 -24 32 32 32 -24;
 32 32 -64 -24 32 32 32 -64 32 -24 -32 -24 32 -24 32 32 -64 32 -24 32 32 32 32 -64 32 -24 32 -24 -32 -24 -64 32 32 32 -24 32 32 -24 32 32 32 -64 -24 -24 -32 -32 -24 -24 -24 -32 -24 -24 -32 -24 -24 -24 -32 -32 -32 384 -64 32 32 32 -24 32 32 -24 32 32 32 -64 -24 -24 -32 32 -24 32 -64 32 32 32 32 -24 32 -64 32 -24 -32 -24 32 -24 32 32 32 -24 -64 -64 -32 32 32 -24 32 -24 32;
 -24 32 32 -24 32 32 -32 -64 -64 -24 32 32 -24 32 32 -24 32 32 -24 32 32 -32 -64 -64 -24 32 32 -24 32 32 -32 -24 -24 -24 32 32 -24 32 32 32 32 -64 32 32 -64 -32 -24 -24 -24 32 32 -24 32 32 32 32 -64 32 32 -64 384 -32 -32 -32 -24 -24 -32 -24 -24 -24 -24 -32 -24 -24 -32 -32 -24 -24 -64 32 32 -64 32 32 32 32 -24 32 32 -24 -32 -24 -24 -64 32 32 -64 32 32 32 32 -24 32 32 -24;
 32 32 -24 32 -24 32 -64 -32 -64 32 -24 32 32 32 -24 32 32 -24 32 -24 32 -64 -32 -64 32 -24 32 32 32 -24 -24 -24 -32 32 32 -64 32 -24 32 32 -24 32 -64 32 32 -24 -32 -24 32 -64 32 32 32 -24 -64 32 32 32 -24 32 -32 384 -32 -24 -32 -24 -24 -24 -32 -32 -24 -24 -24 -32 -24 -24 -32 -24 32 -24 32 32 32 -64 -24 32 32 32 -64 32 -24 -24 -32 32 32 -64 32 -24 32 32 -24 32 -64 32 32;
 32 -24 32 32 32 -24 -64 -64 -32 32 32 -24 32 -24 32 32 -24 32 32 32 -24 -64 -64 -32 32 32 -24 32 -24 32 -24 -32 -24 32 -64 32 32 32 -24 -64 32 32 32 -24 32 -24 -24 -32 32 32 -64 32 -24 32 32 -24 32 -64 32 32 -32 -32 384 -24 -24 -32 -24 -32 -24 -24 -32 -24 -32 -24 -24 -24 -24 -32 32 32 -64 32 -24 32 32 -24 32 -64 32 32 -24 -32 -24 32 -24 32 32 32 -64 -24 32 32 32 -64 32;
 -24 32 32 -32 -24 -24 -24 32 32 32 -64 32 32 -64 32 -32 -24 -24 -24 32 32 -24 32 32 32 32 -64 32 32 -64 -24 32 32 -24 32 32 -32 -64 -64 -24 32 32 -24 32 32 -24 32 32 -32 -24 -24 -24 32 32 32 -64 32 32 -64 32 -32 -24 -24 384 -32 -32 -32 -24 -24 -24 -32 -24 -24 -32 -24 -64 32 32 -32 -24 -24 -64 32 32 32 -24 32 32 -24 32 -64 32 32 -32 -24 -24 -64 32 32 32 -24 32 32 -24 32;
 32 32 -24 -64 32 32 32 -24 32 -24 -32 -24 32 -64 32 -24 -24 -32 32 32 -64 32 -24 32 32 -24 32 -64 32 32 32 32 -24 32 -24 32 -64 -32 -64 32 -24 32 32 32 -24 32 -64 32 -24 -32 -24 32 -24 32 -64 32 32 32 32 -24 -24 -32 -24 -32 384 -32 -24 -32 -24 -32 -24 -24 -24 -24 -32 32 -24 32 -24 -32 -24 32 -64 32 -24 32 32 32 32 -64 32 32 -64 -24 -24 -32 32 32 -24 32 32 -24 -64 32 32;
 32 -24 32 -64 32 32 32 32 -24 32 -64 32 -24 -32 -24 -24 -32 -24 32 -64 32 32 32 -24 -64 32 32 32 -24 32 32 -24 32 32 32 -24 -64 -64 -32 32 32 -24 32 -24 32 32 32 -64 -24 -24 -32 32 32 -24 32 32 -24 -64 32 32 -24 -24 -32 -32 -32 384 -24 -24 -32 -24 -24 -32 -32 -24 -24 32 32 -64 -24 -24 -32 32 32 -24 32 32 -24 -64 32 32 32 -24 32 -24 -32 -24 32 -64 32 -24 32 32 32 32 -64;
 -32 -24 -24 -24 32 32 -24 32 32 32 32 -64 32 32 -64 -24 32 32 -32 -24 -24 -24 32 32 32 -64 32 32 -64 32 -24 32 32 -32 -24 -24 -24 32 32 32 -64 32 32 -64 32 -24 32 32 -24 32 32 -32 -64 -64 -24 32 32 -24 32 32 -32 -24 -24 -32 -24 -24 384 -32 -32 -32 -24 -24 -32 -24 -24 -64 32 32 -64 32 32 -32 -24 -24 -24 32 32 -24 32 32 -64 32 32 -64 32 32 -32 -24 -24 -24 32 32 -24 32 32;
 -64 32 32 32 32 -24 32 32 -24 -24 -24 -32 32 32 -64 32 32 -64 -24 -24 -32 32 32 -24 32 32 -24 -64 32 32 32 -64 32 -24 -32 -24 32 -24 32 -64 32 32 32 32 -24 32 32 -24 32 -24 32 -64 -32 -64 32 -24 32 32 32 -24 -24 -24 -32 -24 -32 -24 -32 384 -32 -24 -32 -24 -24 -24 -32 32 32 -24 32 -64 32 -24 -32 -24 32 -24 32 32 32 -64 32 -64 32 32 32 -24 -24 -24 -32 32 32 -24 32 -64 32;
 -64 32 32 32 -24 32 32 -24 32 32 32 -64 -24 -24 -32 32 -64 32 -24 -32 -24 32 -24 32 -64 32 32 32 32 -24 32 32 -64 -24 -24 -32 32 32 -24 32 32 -24 -64 32 32 32 -24 32 32 32 -24 -64 -64 -32 32 32 -24 32 -24 32 -24 -32 -24 -24 -24 -32 -32 -32 384 -24 -24 -32 -24 -32 -24 32 -64 32 32 32 -24 -24 -24 -32 32 32 -24 32 -64 32 32 32 -24 32 -64 32 -24 -32 -24 32 -24 32 32 32 -64;
 -24 -24 -32 32 32 -64 32 -24 32 32 -24 32 -64 32 32 32 32 -24 -64 32 32 32 -24 32 -24 -32 -24 32 -64 32 32 32 -24 -64 32 32 32 -24 32 -24 -32 -24 32 -64 32 32 -64 32 32 -64 32 -24 32 32 -32 -24 -24 -24 32 32 -24 -32 -24 -24 -32 -24 -32 -24 -24 384 -32 -32 -32 -24 -24 32 -24 32 32 -24 32 -24 32 32 -32 -64 -64 -24 32 32 32 32 -64 32 32 -64 -24 32 32 -24 32 32 -32 -24 -24;
 32 32 -64 -24 -24 -32 32 32 -24 32 32 -24 -64 32 32 -64 32 32 32 32 -24 32 32 -24 -24 -24 -32 32 32 -64 32 -64 32 32 -64 32 -24 32 32 -32 -24 -24 -24 32 32 32 32 -24 -64 32 32 32 -24 32 -24 -32 -24 32 -64 32 -24 -24 -32 -32 -24 -24 -24 -32 -24 -32 384 -32 -24 -32 -24 32 32 -24 -24 32 32 32 -24 32 -64 -32 -64 32 -24 32 32 -64 32 -24 32 32 32 32 -64 32 -24 32 -24 -32 -24;
 32 32 -64 32 32 -64 -24 32 32 -24 32 32 -32 -24 -24 32 -64 32 32 -64 32 -24 32 32 -32 -24 -24 -24 32 32 -64 32 32 32 32 -24 32 32 -24 -24 -24 -32 32 32 -64 -64 32 32 32 32 -24 32 32 -24 -24 -24 -32 32 32 -64 -32 -24 -24 -24 -24 -32 -24 -24 -32 -32 -32 384 -24 -24 -32 -24 32 32 32 32 -24 32 32 -24 -64 -64 -32 32 32 -24 -24 32 32 32 -64 32 32 -64 32 32 32 -24 -24 -24 -32;
 -24 -32 -24 32 -64 32 32 32 -24 -64 32 32 32 -24 32 32 -24 32 -64 32 32 32 32 -24 32 -64 32 -24 -32 -24 32 -24 32 -64 32 32 32 32 -24 32 -64 32 -24 -32 -24 32 32 -64 32 32 -64 -24 32 32 -24 32 32 -32 -24 -24 -24 -24 -32 -24 -24 -32 -32 -24 -24 -32 -24 -24 384 -32 -32 32 32 -64 32 32 -64 -24 32 32 -24 32 32 -32 -24 -24 32 -24 32 32 -24 32 -24 32 32 -32 -64 -64 -24 32 32;
 32 -64 32 -24 -32 -24 32 -24 32 -64 32 32 32 32 -24 -64 32 32 32 -24 32 32 -24 32 32 32 -64 -24 -24 -32 32 32 -64 32 32 -64 -24 32 32 -24 32 32 -32 -24 -24 32 -24 32 -64 32 32 32 32 -24 32 -64 32 -24 -32 -24 -24 -32 -24 -32 -24 -24 -24 -24 -32 -24 -32 -24 -32 384 -32 32 -64 32 -24 32 32 32 32 -64 32 -24 32 -24 -32 -24 32 32 -24 -24 32 32 32 -24 32 -64 -32 -64 32 -24 32;
 32 -64 32 32 -64 32 -24 32 32 -32 -24 -24 -24 32 32 32 32 -64 32 32 -64 -24 32 32 -24 32 32 -32 -24 -24 -64 32 32 32 -24 32 32 -24 32 32 32 -64 -24 -24 -32 -64 32 32 32 -24 32 32 -24 32 32 32 -64 -24 -24 -32 -32 -24 -24 -24 -32 -24 -24 -32 -24 -24 -24 -32 -32 -32 384 -24 32 32 32 -64 32 32 -64 32 32 32 -24 -24 -24 -32 -24 32 32 32 32 -24 32 32 -24 -64 -64 -32 32 32 -24;
 32 -24 32 32 -24 32 -24 32 32 -32 -64 -64 -24 32 32 32 -24 32 32 -24 32 -24 32 32 -32 -64 -64 -24 32 32 -24 -32 -24 32 -24 32 32 32 -64 -24 32 32 32 -64 32 -24 -32 -24 32 -24 32 32 32 -64 -24 32 32 32 -64 32 -32 -24 -24 -64 32 32 -64 32 32 32 32 -24 32 32 -24 384 -32 -32 -32 -24 -24 -32 -24 -24 -24 -24 -32 -24 -24 -32 -32 -24 -24 -64 32 32 -64 32 32 32 32 -24 32 32 -24;
 32 32 -24 -24 32 32 32 -24 32 -64 -32 -64 32 -24 32 32 32 -24 -24 32 32 32 -24 32 -64 -32 -64 32 -24 32 -24 -24 -32 32 32 -64 32 -24 32 32 -24 32 -64 32 32 -32 -24 -24 -64 32 32 -64 32 32 32 32 -24 32 32 -24 -24 -32 -24 32 -24 32 32 32 -64 -24 32 32 32 -64 32 -32 384 -32 -24 -32 -24 -24 -24 -32 -32 -24 -24 -24 -32 -24 -24 -32 -24 32 -64 32 32 32 -24 -64 32 32 32 -24 32;
 -24 32 32 32 32 -24 32 32 -24 -64 -64 -32 32 32 -24 -24 32 32 32 32 -24 32 32 -24 -64 -64 -32 32 32 -24 -32 -24 -24 -64 32 32 -64 32 32 32 32 -24 32 32 -24 -24 -24 -32 32 32 -64 32 -24 32 32 -24 32 -64 32 32 -24 -24 -32 32 32 -64 32 -24 32 32 -24 32 -64 32 32 -32 -32 384 -24 -24 -32 -24 -32 -24 -24 -32 -24 -32 -24 -24 -24 -24 -32 32 32 -24 32 -64 32 32 -64 32 -24 32 32;
 32 -24 32 -24 -32 -24 32 -64 32 -24 32 32 32 32 -64 -24 -32 -24 32 -24 32 32 32 -64 -24 32 32 32 -64 32 32 -24 32 32 -24 32 -24 32 32 -32 -64 -64 -24 32 32 32 -24 32 -24 -32 -24 32 -64 32 -24 32 32 32 32 -64 -64 32 32 -32 -24 -24 -64 32 32 32 -24 32 32 -24 32 -32 -24 -24 384 -32 -32 -32 -24 -24 -24 -32 -24 -24 -32 -24 -64 32 32 -32 -24 -24 -64 32 32 32 -24 32 32 -24 32;
 32 32 -24 32 -64 32 -24 -32 -24 32 -24 32 32 32 -64 -24 -24 -32 32 32 -64 32 -24 32 32 -24 32 -64 32 32 32 32 -24 -24 32 32 32 -24 32 -64 -32 -64 32 -24 32 -64 32 32 -32 -24 -24 -64 32 32 32 -24 32 32 -24 32 32 -24 32 -24 -32 -24 32 -64 32 -24 32 32 32 32 -64 -24 -32 -24 -32 384 -32 -24 -32 -24 -32 -24 -24 -24 -24 -32 32 -64 32 -24 -32 -24 32 -24 32 -64 32 32 32 32 -24;
 -24 32 32 32 -64 32 32 -64 32 32 32 -24 -24 -24 -32 -32 -24 -24 -64 32 32 -64 32 32 32 32 -24 32 32 -24 -24 32 32 32 32 -24 32 32 -24 -64 -64 -32 32 32 -24 32 32 -64 -24 -24 -32 32 32 -24 32 32 -24 -64 32 32 32 32 -64 -24 -24 -32 32 32 -24 32 32 -24 -64 32 32 -24 -24 -32 -32 -32 384 -24 -24 -32 -24 -24 -32 -32 -24 -24 32 32 -24 -24 -24 -32 32 32 -64 32 32 -64 -24 32 32;
 -24 -32 -24 32 -24 32 32 32 -64 -24 32 32 32 -64 32 32 -24 32 -24 -32 -24 32 -64 32 -24 32 32 32 32 -64 32 -24 32 -24 -32 -24 32 -64 32 -24 32 32 32 32 -64 32 -24 32 32 -24 32 -24 32 32 -32 -64 -64 -24 32 32 -64 32 32 -64 32 32 -32 -24 -24 -24 32 32 -24 32 32 -32 -24 -24 -32 -24 -24 384 -32 -32 -32 -24 -24 -32 -24 -24 -64 32 32 -64 32 32 -32 -24 -24 -24 32 32 -24 32 32;
 32 -64 32 32 32 -24 -24 -24 -32 32 32 -24 32 -64 32 32 32 -64 -24 -24 -32 32 32 -24 32 32 -24 -64 32 32 -64 32 32 -32 -24 -24 -64 32 32 32 -24 32 32 -24 32 32 32 -24 -24 32 32 32 -24 32 -64 -32 -64 32 -24 32 32 32 -24 32 -64 32 -24 -32 -24 32 -24 32 32 32 -64 -24 -24 -32 -24 -32 -24 -32 384 -32 -24 -32 -24 -24 -24 -32 32 32 -64 32 -24 32 -24 -32 -24 32 -64 32 32 32 -24;
 32 -64 32 -24 32 32 32 32 -64 32 -24 32 -24 -32 -24 -64 32 32 -32 -24 -24 -64 32 32 32 -24 32 32 -24 32 32 32 -64 -24 -24 -32 32 32 -24 32 32 -24 -64 32 32 -24 32 32 32 32 -24 32 32 -24 -64 -64 -32 32 32 -24 32 -64 32 32 32 -24 -24 -24 -32 32 32 -24 32 -64 32 -24 -32 -24 -24 -24 -32 -32 -32 384 -24 -24 -32 -24 -32 -24 32 -24 32 32 32 -64 -24 -24 -32 32 32 -64 32 -24 32;
 -24 -24 -32 32 32 -64 32 -24 32 32 -24 32 -64 32 32 32 32 -24 32 -64 32 -24 -32 -24 32 -24 32 32 32 -64 32 32 -24 32 -64 32 -24 -32 -24 32 -24 32 32 32 -64 -64 32 32 -64 32 32 -32 -24 -24 -24 32 32 -24 32 32 32 -24 32 32 -24 32 -24 32 32 -32 -64 -64 -24 32 32 -24 -32 -24 -24 -32 -24 -32 -24 -24 384 -32 -32 -32 -24 -24 32 -64 32 32 -64 32 -24 32 32 -32 -24 -24 -24 32 32;
 32 32 -64 -24 -24 -32 32 32 -24 32 32 -24 -64 32 32 32 -64 32 32 32 -24 -24 -24 -32 32 32 -24 32 -64 32 -64 32 32 -64 32 32 -32 -24 -24 -24 32 32 -24 32 32 32 32 -24 32 -64 32 -24 -32 -24 32 -24 32 32 32 -64 32 32 -24 -24 32 32 32 -24 32 -64 -32 -64 32 -24 32 -24 -24 -32 -32 -24 -24 -24 -32 -24 -32 384 -32 -24 -32 -24 32 32 -64 -24 32 32 32 -64 32 -24 -32 -24 32 -24 32;
 32 32 -64 32 32 -64 -24 32 32 -24 32 32 -32 -24 -24 -64 32 32 -64 32 32 -32 -24 -24 -24 32 32 -24 32 32 32 -64 32 32 32 -24 -24 -24 -32 32 32 -24 32 -64 32 32 -64 32 32 32 -24 -24 -24 -32 32 32 -24 32 -64 32 -24 32 32 32 32 -24 32 32 -24 -64 -64 -32 32 32 -24 -32 -24 -24 -24 -24 -32 -24 -24 -32 -32 -32 384 -24 -24 -32 -24 32 32 32 32 -64 32 32 -64 -24 -24 -32 32 32 -24;
 -32 -24 -24 -64 32 32 -64 32 32 32 32 -24 32 32 -24 -24 32 32 32 -64 32 32 -64 32 32 32 -24 -24 -24 -32 -24 32 32 32 -64 32 32 -64 32 32 32 -24 -24 -24 -32 32 32 -64 32 32 -64 -24 32 32 -24 32 32 -32 -24 -24 32 32 -64 32 32 -64 -24 32 32 -24 32 32 -32 -24 -24 -24 -24 -32 -24 -24 -32 -32 -24 -24 -32 -24 -24 384 -32 -32 32 32 -24 32 32 -24 -24 32 32 -24 32 32 -32 -64 -64;
 -64 32 32 -32 -24 -24 -64 32 32 32 -24 32 32 -24 32 32 -64 32 -24 32 32 32 32 -64 32 -24 32 -24 -32 -24 32 32 -64 32 32 -64 -24 32 32 -24 32 32 -32 -24 -24 -24 32 32 32 -64 32 32 -64 32 32 32 -24 -24 -24 -32 32 -64 32 -24 32 32 32 32 -64 32 -24 32 -24 -32 -24 -24 -32 -24 -32 -24 -24 -24 -24 -32 -24 -32 -24 -32 384 -32 32 -24 32 -24 32 32 32 32 -24 32 -24 32 -64 -32 -64;
 -64 32 32 -64 32 32 -32 -24 -24 -24 32 32 -24 32 32 32 32 -64 32 32 -64 -24 32 32 -24 32 32 -32 -24 -24 32 -64 32 -24 32 32 32 32 -64 32 -24 32 -24 -32 -24 32 -64 32 -24 32 32 32 32 -64 32 -24 32 -24 -32 -24 -24 32 32 32 -64 32 32 -64 32 32 32 -24 -24 -24 -32 -32 -24 -24 -24 -32 -24 -24 -32 -24 -24 -24 -32 -32 -32 384 -24 32 32 32 -24 32 32 -24 32 32 32 -24 -64 -64 -32;
 32 32 -24 32 32 -24 -24 32 32 -24 32 32 -32 -64 -64 32 32 -24 32 32 -24 -24 32 32 -24 32 32 -32 -64 -64 -24 -24 -32 32 32 -24 32 -64 32 32 -64 32 -24 32 32 -24 -24 -32 32 32 -24 32 -64 32 32 -64 32 -24 32 32 -32 -24 -24 -64 32 32 -64 32 32 32 32 -24 32 32 -24 -32 -24 -24 -64 32 32 -64 32 32 32 32 -24 32 32 -24 384 -32 -32 -32 -24 -24 -32 -24 -24 -24 -24 -32 -24 -24 -32;
 32 -24 32 -24 32 32 32 32 -24 32 -24 32 -64 -32 -64 32 -24 32 -24 32 32 32 32 -24 32 -24 32 -64 -32 -64 -24 -32 -24 32 -64 32 32 32 -24 -64 32 32 32 -24 32 -32 -24 -24 -64 32 32 -64 32 32 32 32 -24 32 32 -24 -24 -24 -32 32 32 -24 32 -64 32 32 -64 32 -24 32 32 -24 -32 -24 32 -64 32 32 32 -24 -64 32 32 32 -24 32 -32 384 -32 -24 -32 -24 -24 -24 -32 -32 -24 -24 -24 -32 -24;
 -24 32 32 32 -24 32 32 -24 32 32 32 -24 -64 -64 -32 -24 32 32 32 -24 32 32 -24 32 32 32 -24 -64 -64 -32 -32 -24 -24 -64 32 32 -64 32 32 32 32 -24 32 32 -24 -24 -32 -24 32 -64 32 32 32 -24 -64 32 32 32 -24 32 -24 -32 -24 32 -64 32 32 32 -24 -64 32 32 32 -24 32 -24 -24 -32 32 32 -24 32 -64 32 32 -64 32 -24 32 32 -32 -32 384 -24 -24 -32 -24 -32 -24 -24 -32 -24 -32 -24 -24;
 32 32 -24 -24 -24 -32 32 32 -64 32 32 -64 -24 32 32 -24 -24 -32 32 32 -24 32 -64 32 32 -64 32 -24 32 32 32 32 -24 32 32 -24 -24 32 32 -24 32 32 -32 -64 -64 32 32 -24 -24 -24 -32 32 32 -64 32 32 -64 -24 32 32 -64 32 32 -32 -24 -24 -64 32 32 32 -24 32 32 -24 32 -64 32 32 -32 -24 -24 -64 32 32 32 -24 32 32 -24 32 -32 -24 -24 384 -32 -32 -32 -24 -24 -24 -32 -24 -24 -32 -24;
 32 -24 32 32 32 -64 -24 -24 -32 32 32 -64 32 -24 32 -24 -32 -24 32 -64 32 32 32 -24 -64 32 32 32 -24 32 32 -24 32 -24 32 32 32 32 -24 32 -24 32 -64 -32 -64 -64 32 32 -32 -24 -24 -64 32 32 32 -24 32 32 -24 32 32 32 -24 -24 -24 -32 32 32 -64 32 32 -64 -24 32 32 32 -64 32 -24 -32 -24 32 -24 32 -64 32 32 32 32 -24 -24 -32 -24 -32 384 -32 -24 -32 -24 -32 -24 -24 -24 -24 -32;
 -24 32 32 32 32 -64 32 32 -64 -24 -24 -32 32 32 -24 -32 -24 -24 -64 32 32 -64 32 32 32 32 -24 32 32 -24 -24 32 32 32 -24 32 32 -24 32 32 32 -24 -64 -64 -32 32 -64 32 -24 -32 -24 32 -24 32 -64 32 32 32 32 -24 32 -64 32 -24 -32 -24 32 -24 32 -64 32 32 32 32 -24 32 32 -24 -24 -24 -32 32 32 -64 32 32 -64 -24 32 32 -24 -24 -32 -32 -32 384 -24 -24 -32 -24 -24 -32 -32 -24 -24;
 -24 -24 -32 32 32 -24 32 -64 32 32 -64 32 -24 32 32 32 32 -24 -24 -24 -32 32 32 -64 32 32 -64 -24 32 32 32 32 -24 -24 -24 -32 32 32 -64 32 32 -64 -24 32 32 32 32 -24 32 32 -24 -24 32 32 -24 32 32 -32 -64 -64 -64 32 32 -64 32 32 -32 -24 -24 -24 32 32 -24 32 32 -64 32 32 -64 32 32 -32 -24 -24 -24 32 32 -24 32 32 -32 -24 -24 -32 -24 -24 384 -32 -32 -32 -24 -24 -32 -24 -24;
 32 32 -64 32 -24 32 -24 -32 -24 32 -64 32 32 32 -24 32 -64 32 -24 -32 -24 32 -24 32 -64 32 32 32 32 -24 -64 32 32 -32 -24 -24 -64 32 32 32 -24 32 32 -24 32 32 -24 32 -24 32 32 32 32 -24 32 -24 32 -64 -32 -64 32 -24 32 32 32 -64 -24 -24 -32 32 32 -64 32 -24 32 32 32 -64 32 -24 32 -24 -32 -24 32 -64 32 32 32 -24 -24 -24 -32 -24 -32 -24 -32 384 -32 -24 -32 -24 -24 -24 -32;
 32 32 -64 -24 32 32 32 -64 32 -24 -32 -24 32 -24 32 -64 32 32 -32 -24 -24 -64 32 32 32 -24 32 32 -24 32 32 -64 32 -24 -32 -24 32 -24 32 -64 32 32 32 32 -24 -24 32 32 32 -24 32 32 -24 32 32 32 -24 -64 -64 -32 32 32 -64 32 -24 32 -24 -32 -24 32 -64 32 32 32 -24 32 -24 32 32 32 -64 -24 -24 -32 32 32 -64 32 -24 32 -24 -32 -24 -24 -24 -32 -32 -32 384 -24 -24 -32 -24 -32 -24;
 -24 -32 -24 32 -64 32 32 32 -24 -64 32 32 32 -24 32 32 -24 32 32 32 -64 -24 -24 -32 32 32 -64 32 -24 32 32 -24 32 32 32 -64 -24 -24 -32 32 32 -64 32 -24 32 -64 32 32 -64 32 32 -32 -24 -24 -24 32 32 -24 32 32 32 32 -24 32 32 -24 -24 32 32 -24 32 32 -32 -64 -64 32 -64 32 32 -64 32 -24 32 32 -32 -24 -24 -24 32 32 -24 -32 -24 -24 -32 -24 -32 -24 -24 384 -32 -32 -32 -24 -24;
 32 -64 32 -24 -32 -24 32 -24 32 -64 32 32 32 32 -24 32 32 -64 32 -24 32 -24 -32 -24 32 -64 32 32 32 -24 -64 32 32 -64 32 32 -32 -24 -24 -24 32 32 -24 32 32 32 -24 32 32 32 -64 -24 -24 -32 32 32 -64 32 -24 32 32 -24 32 -24 32 32 32 32 -24 32 -24 32 -64 -32 -64 32 32 -64 -24 32 32 32 -64 32 -24 -32 -24 32 -24 32 -24 -24 -32 -32 -24 -24 -24 -32 -24 -32 384 -32 -24 -32 -24;
 32 -64 32 32 -64 32 -24 32 32 -32 -24 -24 -24 32 32 -64 32 32 -64 32 32 -32 -24 -24 -24 32 32 -24 32 32 32 32 -64 32 -24 32 -24 -32 -24 32 -64 32 32 32 -24 32 32 -64 32 -24 32 -24 -32 -24 32 -64 32 32 32 -24 -24 32 32 32 -24 32 32 -24 32 32 32 -24 -64 -64 -32 -24 32 32 32 32 -64 32 32 -64 -24 -24 -32 32 32 -24 -32 -24 -24 -24 -24 -32 -24 -24 -32 -32 -32 384 -24 -24 -32;
 -32 -24 -24 -64 32 32 -64 32 32 32 32 -24 32 32 -24 -24 32 32 32 32 -64 32 32 -64 -24 -24 -32 32 32 -24 -24 32 32 32 32 -64 32 32 -64 -24 -24 -32 32 32 -24 32 -64 32 32 -64 32 -24 32 32 -32 -24 -24 -24 32 32 32 -64 32 32 -64 32 -24 32 32 -32 -24 -24 -24 32 32 32 32 -24 32 32 -24 -24 32 32 -24 32 32 -32 -64 -64 -24 -24 -32 -24 -24 -32 -32 -24 -24 -32 -24 -24 384 -32 -32;
 -64 32 32 -32 -24 -24 -64 32 32 32 -24 32 32 -24 32 32 32 -64 -24 32 32 32 -64 32 -24 -32 -24 32 -24 32 32 -64 32 32 -64 32 -24 32 32 -32 -24 -24 -24 32 32 -24 32 32 32 32 -64 32 32 -64 -24 -24 -32 32 32 -24 32 32 -64 -24 32 32 32 -64 32 -24 -32 -24 32 -24 32 32 -24 32 -24 32 32 32 32 -24 32 -24 32 -64 -32 -64 -24 -32 -24 -32 -24 -24 -24 -24 -32 -24 -32 -24 -32 384 -32;
 -64 32 32 -64 32 32 -32 -24 -24 -24 32 32 -24 32 32 32 -64 32 32 -64 32 -24 32 32 -32 -24 -24 -24 32 32 32 32 -64 -24 32 32 32 -64 32 -24 -32 -24 32 -24 32 32 32 -64 -24 32 32 32 -64 32 -24 -32 -24 32 -24 32 -24 32 32 32 32 -64 32 32 -64 -24 -24 -32 32 32 -24 -24 32 32 32 -24 32 32 -24 32 32 32 -24 -64 -64 -32 -32 -24 -24 -24 -32 -24 -24 -32 -24 -24 -24 -32 -32 -32 384;

