384 -192 -192 -192 96 96 -192 96 96 96 96 -192 96 96 -192 -192 96 96 96 -48 -48 96 -48 -48 -48 -48 96 -48 -48 96 -192 96 96 96 -48 -48 96 -48 -48 -48 -48 96 -48 -48 96 96 -48 -48 96 -48 -48 -192 96 96 96 -48 -48 96 -48 -48 96 -48 -48 96 -48 -48 -192 96 96 96 -48 -48 96 -48 -48 -48 -48 96 -48 -48 96 96 -48 -48 96 -48 -48 -192 96 96 -48 -48 96 -48 -48 96 96 -48 -48 96 -48 -48 -192 96 96;
 -192 384 -192 96 -192 96 96 96 -192 -192 96 96 96 -192 96 96 -192 96 -48 96 -48 -48 -48 96 96 -48 -48 -48 96 -48 96 -192 96 -48 96 -48 -48 -48 96 96 -48 -48 -48 96 -48 -48 96 -48 -48 96 -48 96 -48 -48 -192 96 96 96 -48 -48 -48 -48 96 -48 -48 96 96 -48 -48 96 -48 -48 -192 96 96 96 -48 -48 96 -48 -48 -192 96 96 96 -48 -48 96 -48 -48 -48 96 -48 -48 96 -48 96 -48 -48 -192 96 96 96 -48 -48;
 -192 -192 384 96 96 -192 96 -192 96 96 -192 96 -192 96 96 96 96 -192 -48 -48 96 -48 96 -48 -48 96 -48 96 -48 -48 96 96 -192 -48 -48 96 -48 96 -48 -48 96 -48 96 -48 -48 -48 -48 96 -48 -48 96 96 -48 -48 96 -48 -48 -192 96 96 -48 96 -48 -48 96 -48 96 -48 -48 -192 96 96 96 -48 -48 -48 96 -48 -48 96 -48 96 -48 -48 -192 96 96 96 -48 -48 96 -48 -48 96 -48 -48 -192 96 96 96 -48 -48 96 -48 -48;
 -192 96 96 384 -192 -192 -192 96 96 96 -192 96 96 -192 96 96 -48 -48 -192 96 96 96 -48 -48 -48 96 -48 -48 96 -48 96 -48 -48 96 -48 -48 -192 96 96 96 -48 -48 96 -48 -48 -192 96 96 96 -48 -48 96 -48 -48 -48 -48 96 -48 -48 96 96 -48 -48 -192 96 96 96 -48 -48 -48 96 -48 -48 96 -48 -48 96 -48 96 -48 -48 -48 -48 96 -48 96 -48 96 -192 96 -48 96 -48 96 -48 -48 -48 -48 96 -48 96 -48 96 -192 96;
 96 -192 96 -192 384 -192 96 -192 96 -192 96 96 96 96 -192 -48 96 -48 96 -192 96 -48 96 -48 96 -48 -48 -48 -48 96 -48 96 -48 -48 96 -48 96 -48 -48 -192 96 96 96 -48 -48 96 -192 96 -48 96 -48 -48 -48 96 96 -48 -48 -48 96 -48 -48 96 -48 96 -48 -48 -48 -48 96 -48 96 -48 96 -192 96 96 -48 -48 -192 96 96 96 -48 -48 -48 96 -48 -48 96 -48 -48 -48 96 96 -48 -48 -48 96 -48 96 -192 96 -48 96 -48;
 96 96 -192 -192 -192 384 96 96 -192 96 96 -192 -192 96 96 -48 -48 96 96 96 -192 -48 -48 96 -48 -48 96 96 -48 -48 -48 -48 96 -48 -48 96 96 -48 -48 96 -48 -48 -192 96 96 96 96 -192 -48 -48 96 -48 96 -48 -48 96 -48 96 -48 -48 -48 -48 96 96 -48 -48 -48 96 -48 96 -192 96 -48 96 -48 -48 -48 96 96 -48 -48 -48 96 -48 96 -192 96 -48 96 -48 96 -48 -48 -192 96 96 96 -48 -48 -48 96 -48 -48 96 -48;
 -192 96 96 -192 96 96 384 -192 -192 -192 96 96 -192 96 96 96 -48 -48 96 -48 -48 -192 96 96 96 -48 -48 96 -48 -48 96 -48 -48 -192 96 96 96 -48 -48 -48 96 -48 -48 96 -48 96 -48 -48 -192 96 96 96 -48 -48 -48 96 -48 -48 96 -48 -192 96 96 96 -48 -48 96 -48 -48 -48 -48 96 -48 -48 96 96 -48 -48 -48 96 -48 -48 96 -48 -48 -48 96 96 96 -192 96 -48 -48 -48 96 -48 -48 96 -48 -48 -48 96 96 96 -192;
 96 96 -192 96 -192 96 -192 384 -192 96 -192 96 96 96 -192 -48 -48 96 -48 96 -48 96 -192 96 -48 96 -48 -48 -48 96 -48 -48 96 96 -48 -48 -48 96 -48 96 -192 96 -48 96 -48 -48 96 -48 96 -48 -48 -48 -48 96 -48 96 -48 96 -192 96 96 -192 96 -48 96 -48 -48 -48 96 96 -48 -48 -48 96 -48 -48 96 -48 96 -192 96 -48 96 -48 96 -48 -48 -48 -48 96 -48 -48 96 -48 96 -48 96 -192 96 -48 96 -48 -48 -48 96;
 96 -192 96 96 96 -192 -192 -192 384 96 96 -192 96 -192 96 -48 96 -48 -48 -48 96 96 96 -192 -48 -48 96 -48 96 -48 -48 96 -48 96 -48 -48 -48 -48 96 -48 96 -48 96 -192 96 -48 -48 96 96 -48 -48 -48 96 -48 96 -192 96 -48 96 -48 96 96 -192 -48 -48 96 -48 96 -48 -48 96 -48 96 -48 -48 -48 -48 96 -48 96 -48 96 -192 96 -48 96 -48 -48 -48 96 -48 96 -48 96 -192 96 -48 96 -48 96 -48 -48 -48 -48 96;
 96 -192 96 96 -192 96 -192 96 96 384 -192 -192 -192 96 96 -48 96 -48 -48 96 -48 96 -48 -48 -192 96 96 96 -48 -48 -48 96 -48 96 -192 96 -48 96 -48 96 -48 -48 -48 -48 96 -48 96 -48 96 -192 96 -48 96 -48 96 -48 -48 -48 -48 96 96 -48 -48 -48 96 -48 -48 96 -48 -48 -48 96 96 96 -192 -192 96 96 96 -48 -48 96 -48 -48 -48 -48 96 -48 -48 96 96 -48 -48 -48 -48 96 -48 -48 96 96 96 -192 -48 -48 96;
 96 96 -192 -192 96 96 96 -192 96 -192 384 -192 96 -192 96 -48 -48 96 96 -48 -48 -48 96 -48 96 -192 96 -48 96 -48 -48 -48 96 -48 96 -48 96 -192 96 -48 96 -48 -48 -48 96 96 -48 -48 -48 96 -48 -48 96 -48 -48 -48 96 96 96 -192 -48 96 -48 96 -192 96 -48 96 -48 96 -48 -48 -48 -48 96 96 -192 96 -48 96 -48 -48 -48 96 96 -48 -48 -48 96 -48 -48 96 -48 -48 -48 96 96 96 -192 -48 -48 96 -48 96 -48;
 -192 96 96 96 96 -192 96 96 -192 -192 -192 384 96 96 -192 96 -48 -48 -48 -48 96 -48 -48 96 96 96 -192 -48 -48 96 96 -48 -48 -48 96 -48 -48 96 -48 -48 -48 96 96 96 -192 -48 -48 96 -48 96 -48 96 -192 96 -48 96 -48 -48 -48 96 -48 -48 96 -48 96 -48 96 -192 96 -48 96 -48 -48 -48 96 96 96 -192 -48 -48 96 -48 96 -48 -48 96 -48 96 -48 -48 -48 -48 96 96 96 -192 -48 -48 96 -48 -48 96 96 -48 -48;
 96 96 -192 96 96 -192 -192 96 96 -192 96 96 384 -192 -192 -48 -48 96 -48 -48 96 96 -48 -48 96 -48 -48 -192 96 96 -48 -48 96 96 96 -192 -48 -48 96 -48 -48 96 96 -48 -48 -48 -48 96 96 96 -192 -48 -48 96 -48 -48 96 96 -48 -48 96 -48 -48 -48 -48 96 -48 -48 96 96 96 -192 -48 -48 96 96 -48 -48 -48 -48 96 -48 -48 96 96 96 -192 -48 -48 96 -192 96 96 96 -48 -48 96 -48 -48 -48 -48 96 -48 -48 96;
 96 -192 96 -192 96 96 96 96 -192 96 -192 96 -192 384 -192 -48 96 -48 96 -48 -48 -48 -48 96 -48 96 -48 96 -192 96 -48 96 -48 -48 -48 96 96 96 -192 -48 -48 96 -48 96 -48 96 -48 -48 -48 -48 96 -48 -48 96 96 96 -192 -48 -48 96 -48 -48 96 96 96 -192 -48 -48 96 -48 -48 96 96 -48 -48 -48 96 -48 -48 -48 96 96 96 -192 -48 -48 96 -48 96 -48 96 -192 96 -48 96 -48 -48 -48 96 96 -48 -48 -48 96 -48;
 -192 96 96 96 -192 96 96 -192 96 96 96 -192 -192 -192 384 96 -48 -48 -48 96 -48 -48 96 -48 -48 -48 96 96 96 -192 96 -48 -48 -48 -48 96 -48 -48 96 96 96 -192 -48 -48 96 -48 96 -48 -48 -48 96 96 96 -192 -48 -48 96 -48 96 -48 -48 96 -48 -48 -48 96 96 96 -192 -48 -48 96 -48 96 -48 -48 -48 96 96 96 -192 -48 -48 96 -48 -48 96 96 -48 -48 96 96 -192 -48 -48 96 -48 96 -48 -48 96 -48 96 -48 -48;
 -192 96 96 96 -48 -48 96 -48 -48 -48 -48 96 -48 -48 96 384 -192 -192 -192 96 96 -192 96 96 96 96 -192 96 96 -192 -192 96 96 96 -48 -48 96 -48 -48 -48 -48 96 -48 -48 96 96 -48 -48 -192 96 96 96 -48 -48 -48 96 -48 -48 96 -48 96 -48 -48 -192 96 96 96 -48 -48 -48 96 -48 -48 96 -48 -48 -48 96 96 96 -192 -48 -48 96 -48 -48 96 96 -48 -48 -48 -48 96 96 96 -192 -48 -48 96 -48 -48 96 96 -48 -48;
 96 -192 96 -48 96 -48 -48 -48 96 96 -48 -48 -48 96 -48 -192 384 -192 96 -192 96 96 96 -192 -192 96 96 96 -192 96 96 -192 96 -48 96 -48 -48 -48 96 96 -48 -48 -48 96 -48 -48 96 -48 96 -192 96 -48 96 -48 96 -48 -48 -48 -48 96 -48 -48 96 96 96 -192 -48 -48 96 -48 -48 96 96 -48 -48 96 -48 -48 -192 96 96 96 -48 -48 -48 96 -48 -48 96 -48 -48 96 -48 96 -192 96 -48 96 -48 96 -48 -48 -48 -48 96;
 96 96 -192 -48 -48 96 -48 96 -48 -48 96 -48 96 -48 -48 -192 -192 384 96 96 -192 96 -192 96 96 -192 96 -192 96 96 96 96 -192 -48 -48 96 -48 96 -48 -48 96 -48 96 -48 -48 -48 -48 96 96 96 -192 -48 -48 96 -48 -48 96 96 -48 -48 -48 96 -48 96 -192 96 -48 96 -48 96 -48 -48 -48 -48 96 -48 96 -48 96 -192 96 -48 96 -48 96 -48 -48 -48 -48 96 96 -48 -48 -192 96 96 96 -48 -48 -48 96 -48 -48 96 -48;
 96 -48 -48 -192 96 96 96 -48 -48 -48 96 -48 -48 96 -48 -192 96 96 384 -192 -192 -192 96 96 96 -192 96 96 -192 96 96 -48 -48 -192 96 96 96 -48 -48 -48 96 -48 -48 96 -48 -192 96 96 96 -48 -48 96 -48 -48 -48 -48 96 -48 -48 96 96 -48 -48 96 -48 -48 -192 96 96 96 -48 -48 96 -48 -48 -48 96 -48 -48 -48 96 96 96 -192 -48 -48 96 -48 96 -48 -48 96 -48 -48 -48 96 96 96 -192 -48 -48 96 -48 96 -48;
 -48 96 -48 96 -192 96 -48 96 -48 96 -48 -48 -48 -48 96 96 -192 96 -192 384 -192 96 -192 96 -192 96 96 96 96 -192 -48 96 -48 96 -192 96 -48 96 -48 96 -48 -48 -48 -48 96 96 -192 96 -48 96 -48 -48 -48 96 96 -48 -48 -48 96 -48 -48 96 -48 -48 -48 96 96 96 -192 -48 -48 96 -48 96 -48 96 -48 -48 96 -48 -48 -192 96 96 96 -48 -48 96 -48 -48 -48 -48 96 -48 96 -48 96 -192 96 -48 96 -48 -48 -48 96;
 -48 -48 96 96 96 -192 -48 -48 96 -48 -48 96 96 -48 -48 96 96 -192 -192 -192 384 96 96 -192 96 96 -192 -192 96 96 -48 -48 96 96 96 -192 -48 -48 96 -48 -48 96 96 -48 -48 96 96 -192 -48 -48 96 -48 96 -48 -48 96 -48 96 -48 -48 -48 -48 96 -48 96 -48 96 -192 96 -48 96 -48 -48 -48 96 -48 -48 96 -48 96 -48 96 -192 96 -48 96 -48 -48 -48 96 96 -48 -48 96 -48 -48 -192 96 96 96 -48 -48 96 -48 -48;
 96 -48 -48 96 -48 -48 -192 96 96 96 -48 -48 96 -48 -48 -192 96 96 -192 96 96 384 -192 -192 -192 96 96 -192 96 96 96 -48 -48 96 -48 -48 -192 96 96 96 -48 -48 96 -48 -48 96 -48 -48 96 -48 -48 -192 96 96 96 -48 -48 96 -48 -48 -192 96 96 96 -48 -48 96 -48 -48 -48 -48 96 -48 -48 96 96 -48 -48 -48 -48 96 -48 -48 96 96 96 -192 -48 -48 96 96 -48 -48 -48 -48 96 -48 -48 96 96 96 -192 -48 -48 96;
 -48 -48 96 -48 96 -48 96 -192 96 -48 96 -48 -48 -48 96 96 96 -192 96 -192 96 -192 384 -192 96 -192 96 96 96 -192 -48 -48 96 -48 96 -48 96 -192 96 -48 96 -48 -48 -48 96 -48 96 -48 -48 -48 96 96 96 -192 -48 -48 96 -48 96 -48 96 -192 96 -48 96 -48 -48 -48 96 96 -48 -48 -48 96 -48 -48 96 -48 -48 96 -48 96 -48 -48 -192 96 96 96 -48 -48 -48 -48 96 96 -48 -48 -48 96 -48 96 -192 96 -48 96 -48;
 -48 96 -48 -48 -48 96 96 96 -192 -48 -48 96 -48 96 -48 96 -192 96 96 96 -192 -192 -192 384 96 96 -192 96 -192 96 -48 96 -48 -48 -48 96 96 96 -192 -48 -48 96 -48 96 -48 -48 -48 96 -48 96 -48 96 -192 96 -48 96 -48 -48 -48 96 96 96 -192 -48 -48 96 -48 96 -48 -48 96 -48 96 -48 -48 -48 -48 96 96 -48 -48 -48 96 -48 96 -192 96 -48 96 -48 -48 96 -48 -48 96 -48 96 -48 -48 -192 96 96 96 -48 -48;
 -48 96 -48 -48 96 -48 96 -48 -48 -192 96 96 96 -48 -48 96 -192 96 96 -192 96 -192 96 96 384 -192 -192 -192 96 96 -48 96 -48 -48 96 -48 96 -48 -48 -192 96 96 96 -48 -48 -48 96 -48 -48 96 -48 96 -48 -48 -192 96 96 96 -48 -48 96 -48 -48 -48 -48 96 -48 -48 96 96 96 -192 -48 -48 96 -192 96 96 96 -48 -48 96 -48 -48 -48 -48 96 -48 -48 96 96 -48 -48 -48 96 -48 -48 96 -48 -48 -48 96 96 96 -192;
 -48 -48 96 96 -48 -48 -48 96 -48 96 -192 96 -48 96 -48 96 96 -192 -192 96 96 96 -192 96 -192 384 -192 96 -192 96 -48 -48 96 96 -48 -48 -48 96 -48 96 -192 96 -48 96 -48 96 -48 -48 -48 -48 96 -48 -48 96 96 96 -192 -48 -48 96 -48 96 -48 -48 96 -48 96 -48 -48 -192 96 96 96 -48 -48 96 -192 96 -48 96 -48 -48 -48 96 96 -48 -48 -48 96 -48 -48 96 -48 96 -48 -48 -48 -48 96 -48 96 -48 96 -192 96;
 96 -48 -48 -48 -48 96 -48 -48 96 96 96 -192 -48 -48 96 -192 96 96 96 96 -192 96 96 -192 -192 -192 384 96 96 -192 96 -48 -48 -48 -48 96 -48 -48 96 96 96 -192 -48 -48 96 -48 -48 96 96 -48 -48 -48 96 -48 96 -192 96 -48 96 -48 -48 -48 96 96 -48 -48 -48 96 -48 96 -192 96 -48 96 -48 96 96 -192 -48 -48 96 -48 96 -48 -48 96 -48 96 -48 -48 -48 -48 96 -48 -48 96 96 -48 -48 96 -48 -48 -192 96 96;
 -48 -48 96 -48 -48 96 96 -48 -48 96 -48 -48 -192 96 96 96 96 -192 96 96 -192 -192 96 96 -192 96 96 384 -192 -192 -48 -48 96 -48 -48 96 96 -48 -48 96 -48 -48 -192 96 96 -48 -48 96 -48 -48 96 96 -48 -48 96 -48 -48 -192 96 96 96 -48 -48 -48 96 -48 -48 96 -48 -48 -48 96 96 96 -192 96 -48 -48 -48 96 -48 -48 96 -48 -48 -48 96 96 96 -192 -192 96 96 96 -48 -48 96 -48 -48 -48 -48 96 -48 -48 96;
 -48 96 -48 96 -48 -48 -48 -48 96 -48 96 -48 96 -192 96 96 -192 96 -192 96 96 96 96 -192 96 -192 96 -192 384 -192 -48 96 -48 96 -48 -48 -48 -48 96 -48 96 -48 96 -192 96 96 -48 -48 -48 96 -48 -48 96 -48 -48 -48 96 96 96 -192 -48 -48 96 -48 -48 96 96 -48 -48 96 -48 -48 -192 96 96 -48 96 -48 96 -48 -48 -48 -48 96 -48 96 -48 96 -192 96 96 -192 96 -48 96 -48 -48 -48 96 96 -48 -48 -48 96 -48;
 96 -48 -48 -48 96 -48 -48 96 -48 -48 -48 96 96 96 -192 -192 96 96 96 -192 96 96 -192 96 96 96 -192 -192 -192 384 96 -48 -48 -48 96 -48 -48 96 -48 -48 -48 96 96 96 -192 -48 96 -48 96 -48 -48 -48 -48 96 -48 96 -48 96 -192 96 -48 96 -48 96 -48 -48 -48 -48 96 -48 96 -48 96 -192 96 -48 -48 96 -48 -48 96 96 -48 -48 96 -48 -48 -192 96 96 96 96 -192 -48 -48 96 -48 96 -48 -48 96 -48 96 -48 -48;
 -192 96 96 96 -48 -48 96 -48 -48 -48 -48 96 -48 -48 96 -192 96 96 96 -48 -48 96 -48 -48 -48 -48 96 -48 -48 96 384 -192 -192 -192 96 96 -192 96 96 96 96 -192 96 96 -192 -192 96 96 96 -48 -48 96 -48 -48 -48 -48 96 -48 -48 96 -192 96 96 96 -48 -48 96 -48 -48 -48 -48 96 -48 -48 96 96 96 -192 -48 -48 96 -48 96 -48 -48 96 -48 96 -48 -48 96 96 -192 -48 -48 96 -48 96 -48 -48 96 -48 96 -48 -48;
 96 -192 96 -48 96 -48 -48 -48 96 96 -48 -48 -48 96 -48 96 -192 96 -48 96 -48 -48 -48 96 96 -48 -48 -48 96 -48 -192 384 -192 96 -192 96 96 96 -192 -192 96 96 96 -192 96 96 -192 96 -48 96 -48 -48 -48 96 96 -48 -48 -48 96 -48 96 96 -192 -48 -48 96 -48 96 -48 -48 96 -48 96 -48 -48 -192 96 96 96 -48 -48 96 -48 -48 -48 -48 96 -48 -48 96 96 -192 96 -48 96 -48 -48 -48 96 96 -48 -48 -48 96 -48;
 96 96 -192 -48 -48 96 -48 96 -48 -48 96 -48 96 -48 -48 96 96 -192 -48 -48 96 -48 96 -48 -48 96 -48 96 -48 -48 -192 -192 384 96 96 -192 96 -192 96 96 -192 96 -192 96 96 96 96 -192 -48 -48 96 -48 96 -48 -48 96 -48 96 -48 -48 96 -192 96 -48 96 -48 -48 -48 96 96 -48 -48 -48 96 -48 96 -192 96 -48 96 -48 -48 -48 96 96 -48 -48 -48 96 -48 -192 96 96 96 -48 -48 96 -48 -48 -48 -48 96 -48 -48 96;
 96 -48 -48 96 -48 -48 -192 96 96 96 -48 -48 96 -48 -48 96 -48 -48 -192 96 96 96 -48 -48 -48 96 -48 -48 96 -48 -192 96 96 384 -192 -192 -192 96 96 96 -192 96 96 -192 96 96 -48 -48 -192 96 96 96 -48 -48 -48 96 -48 -48 96 -48 96 -48 -48 96 -48 -48 -192 96 96 96 -48 -48 96 -48 -48 -48 -48 96 -48 96 -48 96 -192 96 -48 96 -48 -48 -48 96 -48 -48 96 -48 96 -48 96 -192 96 -48 96 -48 -48 -48 96;
 -48 96 -48 -48 96 -48 96 -48 -48 -192 96 96 96 -48 -48 -48 96 -48 96 -192 96 -48 96 -48 96 -48 -48 -48 -48 96 96 -192 96 -192 384 -192 96 -192 96 -192 96 96 96 96 -192 -48 96 -48 96 -192 96 -48 96 -48 96 -48 -48 -48 -48 96 -48 -48 96 -48 96 -48 96 -192 96 -48 96 -48 -48 -48 96 96 -48 -48 96 -48 -48 -192 96 96 96 -48 -48 96 -48 -48 -48 96 -48 -48 -48 96 96 96 -192 -48 -48 96 -48 96 -48;
 -48 -48 96 -48 -48 96 96 -48 -48 96 -48 -48 -192 96 96 -48 -48 96 96 96 -192 -48 -48 96 -48 -48 96 96 -48 -48 96 96 -192 -192 -192 384 96 96 -192 96 96 -192 -192 96 96 -48 -48 96 96 96 -192 -48 -48 96 -48 -48 96 96 -48 -48 -48 96 -48 -48 -48 96 96 96 -192 -48 -48 96 -48 96 -48 -48 96 -48 -48 -48 96 96 96 -192 -48 -48 96 -48 96 -48 96 -48 -48 96 -48 -48 -192 96 96 96 -48 -48 96 -48 -48;
 96 -48 -48 -192 96 96 96 -48 -48 -48 96 -48 -48 96 -48 96 -48 -48 96 -48 -48 -192 96 96 96 -48 -48 96 -48 -48 -192 96 96 -192 96 96 384 -192 -192 -192 96 96 -192 96 96 96 -48 -48 96 -48 -48 -192 96 96 96 -48 -48 96 -48 -48 96 -48 -48 -192 96 96 96 -48 -48 -48 96 -48 -48 96 -48 -48 -48 96 96 -48 -48 -48 96 -48 96 -192 96 -48 96 -48 -48 -48 96 96 -48 -48 -48 96 -48 96 -192 96 -48 96 -48;
 -48 -48 96 96 -48 -48 -48 96 -48 96 -192 96 -48 96 -48 -48 -48 96 -48 96 -48 96 -192 96 -48 96 -48 -48 -48 96 96 96 -192 96 -192 96 -192 384 -192 96 -192 96 96 96 -192 -48 -48 96 -48 96 -48 96 -192 96 -48 96 -48 -48 -48 96 -48 96 -48 96 -192 96 -48 96 -48 96 -48 -48 -48 -48 96 -48 96 -48 -48 96 -48 96 -48 -48 -192 96 96 96 -48 -48 96 -48 -48 -48 -48 96 -48 -48 96 96 96 -192 -48 -48 96;
 -48 96 -48 96 -48 -48 -48 -48 96 -48 96 -48 96 -192 96 -48 96 -48 -48 -48 96 96 96 -192 -48 -48 96 -48 96 -48 96 -192 96 96 96 -192 -192 -192 384 96 96 -192 96 -192 96 -48 96 -48 -48 -48 96 96 96 -192 -48 -48 96 -48 96 -48 -48 -48 96 96 96 -192 -48 -48 96 -48 -48 96 96 -48 -48 96 -48 -48 -48 -48 96 -48 -48 96 96 96 -192 -48 -48 96 -48 96 -48 -48 96 -48 96 -48 -48 -192 96 96 96 -48 -48;
 -48 96 -48 96 -192 96 -48 96 -48 96 -48 -48 -48 -48 96 -48 96 -48 -48 96 -48 96 -48 -48 -192 96 96 96 -48 -48 96 -192 96 96 -192 96 -192 96 96 384 -192 -192 -192 96 96 -48 96 -48 -48 96 -48 96 -48 -48 -192 96 96 96 -48 -48 -48 -48 96 96 -48 -48 -48 96 -48 96 -192 96 -48 96 -48 96 -48 -48 -192 96 96 96 -48 -48 -48 96 -48 -48 96 -48 -48 96 -48 96 -48 -48 -48 -48 96 -48 96 -48 96 -192 96;
 -48 -48 96 -48 96 -48 96 -192 96 -48 96 -48 -48 -48 96 -48 -48 96 96 -48 -48 -48 96 -48 96 -192 96 -48 96 -48 96 96 -192 -192 96 96 96 -192 96 -192 384 -192 96 -192 96 -48 -48 96 96 -48 -48 -48 96 -48 96 -192 96 -48 96 -48 -48 96 -48 -48 96 -48 96 -48 -48 -192 96 96 96 -48 -48 -48 96 -48 96 -192 96 -48 96 -48 96 -48 -48 -48 -48 96 96 -48 -48 -48 96 -48 -48 96 -48 -48 -48 96 96 96 -192;
 96 -48 -48 -48 96 -48 -48 96 -48 -48 -48 96 96 96 -192 96 -48 -48 -48 -48 96 -48 -48 96 96 96 -192 -48 -48 96 -192 96 96 96 96 -192 96 96 -192 -192 -192 384 96 96 -192 96 -48 -48 -48 -48 96 -48 -48 96 96 96 -192 -48 -48 96 96 -48 -48 -48 -48 96 -48 -48 96 96 96 -192 -48 -48 96 -48 -48 96 96 96 -192 -48 -48 96 -48 -48 96 96 -48 -48 -48 -48 96 -48 -48 96 96 -48 -48 96 -48 -48 -192 96 96;
 -48 -48 96 96 96 -192 -48 -48 96 -48 -48 96 96 -48 -48 -48 -48 96 -48 -48 96 96 -48 -48 96 -48 -48 -192 96 96 96 96 -192 96 96 -192 -192 96 96 -192 96 96 384 -192 -192 -48 -48 96 -48 -48 96 96 -48 -48 96 -48 -48 -192 96 96 -48 96 -48 96 -48 -48 -48 -48 96 -48 96 -48 96 -192 96 -48 96 -48 96 -48 -48 -48 -48 96 -48 96 -48 96 -192 96 96 -48 -48 -192 96 96 96 -48 -48 -48 96 -48 -48 96 -48;
 -48 96 -48 -48 -48 96 96 96 -192 -48 -48 96 -48 96 -48 -48 96 -48 96 -48 -48 -48 -48 96 -48 96 -48 96 -192 96 96 -192 96 -192 96 96 96 96 -192 96 -192 96 -192 384 -192 -48 96 -48 96 -48 -48 -48 -48 96 -48 96 -48 96 -192 96 -48 -48 96 -48 -48 96 96 -48 -48 96 -48 -48 -192 96 96 96 -48 -48 -48 96 -48 -48 96 -48 -48 -48 96 96 96 -192 -48 96 -48 96 -192 96 -48 96 -48 96 -48 -48 -48 -48 96;
 96 -48 -48 -48 -48 96 -48 -48 96 96 96 -192 -48 -48 96 96 -48 -48 -48 96 -48 -48 96 -48 -48 -48 96 96 96 -192 -192 96 96 96 -192 96 96 -192 96 96 96 -192 -192 -192 384 96 -48 -48 -48 96 -48 -48 96 -48 -48 -48 96 96 96 -192 96 -48 -48 -48 96 -48 -48 96 -48 -48 -48 96 96 96 -192 -48 -48 96 -48 -48 96 96 -48 -48 96 -48 -48 -192 96 96 -48 -48 96 96 96 -192 -48 -48 96 -48 -48 96 96 -48 -48;
 96 -48 -48 -192 96 96 96 -48 -48 -48 96 -48 -48 96 -48 96 -48 -48 -192 96 96 96 -48 -48 -48 96 -48 -48 96 -48 -192 96 96 96 -48 -48 96 -48 -48 -48 -48 96 -48 -48 96 384 -192 -192 -192 96 96 -192 96 96 96 96 -192 96 96 -192 -192 96 96 96 -48 -48 96 -48 -48 -48 -48 96 -48 -48 96 96 -192 96 -48 96 -48 -48 -48 96 96 -48 -48 -48 96 -48 96 -192 96 -48 96 -48 -48 -48 96 96 -48 -48 -48 96 -48;
 -48 96 -48 96 -192 96 -48 96 -48 96 -48 -48 -48 -48 96 -48 96 -48 96 -192 96 -48 96 -48 96 -48 -48 -48 -48 96 96 -192 96 -48 96 -48 -48 -48 96 96 -48 -48 -48 96 -48 -192 384 -192 96 -192 96 96 96 -192 -192 96 96 96 -192 96 96 -192 96 -48 96 -48 -48 -48 96 96 -48 -48 -48 96 -48 -192 96 96 96 -48 -48 96 -48 -48 -48 -48 96 -48 -48 96 96 96 -192 -48 -48 96 -48 96 -48 -48 96 -48 96 -48 -48;
 -48 -48 96 96 96 -192 -48 -48 96 -48 -48 96 96 -48 -48 -48 -48 96 96 96 -192 -48 -48 96 -48 -48 96 96 -48 -48 96 96 -192 -48 -48 96 -48 96 -48 -48 96 -48 96 -48 -48 -192 -192 384 96 96 -192 96 -192 96 96 -192 96 -192 96 96 96 96 -192 -48 -48 96 -48 96 -48 -48 96 -48 96 -48 -48 96 96 -192 -48 -48 96 -48 96 -48 -48 96 -48 96 -48 -48 -192 96 96 96 -48 -48 96 -48 -48 -48 -48 96 -48 -48 96;
 96 -48 -48 96 -48 -48 -192 96 96 96 -48 -48 96 -48 -48 -192 96 96 96 -48 -48 96 -48 -48 -48 -48 96 -48 -48 96 96 -48 -48 -192 96 96 96 -48 -48 -48 96 -48 -48 96 -48 -192 96 96 384 -192 -192 -192 96 96 96 -192 96 96 -192 96 96 -48 -48 -192 96 96 96 -48 -48 -48 96 -48 -48 96 -48 -48 96 -48 96 -192 96 -48 96 -48 96 -48 -48 -48 -48 96 -48 96 -48 96 -192 96 -48 96 -48 96 -48 -48 -48 -48 96;
 -48 96 -48 -48 96 -48 96 -48 -48 -192 96 96 96 -48 -48 96 -192 96 -48 96 -48 -48 -48 96 96 -48 -48 -48 96 -48 -48 96 -48 96 -192 96 -48 96 -48 96 -48 -48 -48 -48 96 96 -192 96 -192 384 -192 96 -192 96 -192 96 96 96 96 -192 -48 96 -48 96 -192 96 -48 96 -48 96 -48 -48 -48 -48 96 96 -48 -48 -192 96 96 96 -48 -48 -48 96 -48 -48 96 -48 -48 -48 96 96 96 -192 -48 -48 96 -48 -48 96 96 -48 -48;
 -48 -48 96 -48 -48 96 96 -48 -48 96 -48 -48 -192 96 96 96 96 -192 -48 -48 96 -48 96 -48 -48 96 -48 96 -48 -48 -48 -48 96 96 96 -192 -48 -48 96 -48 -48 96 96 -48 -48 96 96 -192 -192 -192 384 96 96 -192 96 96 -192 -192 96 96 -48 -48 96 96 96 -192 -48 -48 96 -48 -48 96 96 -48 -48 -48 -48 96 96 96 -192 -48 -48 96 -48 -48 96 96 -48 -48 96 -48 -48 -192 96 96 96 -48 -48 -48 96 -48 -48 96 -48;
 -192 96 96 96 -48 -48 96 -48 -48 -48 -48 96 -48 -48 96 96 -48 -48 96 -48 -48 -192 96 96 96 -48 -48 96 -48 -48 96 -48 -48 96 -48 -48 -192 96 96 96 -48 -48 96 -48 -48 -192 96 96 -192 96 96 384 -192 -192 -192 96 96 -192 96 96 96 -48 -48 96 -48 -48 -192 96 96 96 -48 -48 96 -48 -48 -48 96 -48 -48 96 -48 96 -48 -48 -192 96 96 96 -48 -48 -48 96 -48 -48 96 -48 96 -48 -48 -192 96 96 96 -48 -48;
 96 -48 -48 -48 -48 96 -48 -48 96 96 96 -192 -48 -48 96 -48 96 -48 -48 -48 96 96 96 -192 -48 -48 96 -48 96 -48 -48 -48 96 -48 96 -48 96 -192 96 -48 96 -48 -48 -48 96 96 96 -192 96 -192 96 -192 384 -192 96 -192 96 96 96 -192 -48 -48 96 -48 96 -48 96 -192 96 -48 96 -48 -48 -48 96 -48 -48 96 96 -48 -48 -48 96 -48 96 -192 96 -48 96 -48 96 -48 -48 -48 -48 96 -48 -48 96 96 96 -192 -48 -48 96;
 96 -48 -48 -48 96 -48 -48 96 -48 -48 -48 96 96 96 -192 -48 -48 96 -48 96 -48 96 -192 96 -48 96 -48 -48 -48 96 -48 96 -48 -48 -48 96 96 96 -192 -48 -48 96 -48 96 -48 96 -192 96 96 96 -192 -192 -192 384 96 96 -192 96 -192 96 -48 96 -48 -48 -48 96 96 96 -192 -48 -48 96 -48 96 -48 96 -48 -48 -48 -48 96 -48 -48 96 96 96 -192 -48 -48 96 -48 -48 96 96 -48 -48 -48 96 -48 96 -192 96 -48 96 -48;
 96 -192 96 -48 96 -48 -48 -48 96 96 -48 -48 -48 96 -48 -48 96 -48 -48 96 -48 96 -48 -48 -192 96 96 96 -48 -48 -48 96 -48 -48 96 -48 96 -48 -48 -192 96 96 96 -48 -48 96 -192 96 96 -192 96 -192 96 96 384 -192 -192 -192 96 96 -48 96 -48 -48 96 -48 96 -48 -48 -192 96 96 96 -48 -48 96 -48 -48 96 -48 -48 -192 96 96 96 -48 -48 96 -48 -48 -48 -48 96 -48 -48 96 96 -48 -48 96 -48 -48 -192 96 96;
 -48 96 -48 -48 -48 96 96 96 -192 -48 -48 96 -48 96 -48 96 -48 -48 -48 -48 96 -48 -48 96 96 96 -192 -48 -48 96 -48 -48 96 96 -48 -48 -48 96 -48 96 -192 96 -48 96 -48 96 96 -192 -192 96 96 96 -192 96 -192 384 -192 96 -192 96 -48 -48 96 96 -48 -48 -48 96 -48 96 -192 96 -48 96 -48 -48 -48 96 -48 96 -48 96 -192 96 -48 96 -48 -48 -48 96 96 -48 -48 -48 96 -48 -48 96 -48 -48 -48 96 96 96 -192;
 -48 96 -48 96 -48 -48 -48 -48 96 -48 96 -48 96 -192 96 -48 -48 96 96 -48 -48 -48 96 -48 96 -192 96 -48 96 -48 96 -48 -48 -48 -48 96 -48 -48 96 96 96 -192 -48 -48 96 -192 96 96 96 96 -192 96 96 -192 -192 -192 384 96 96 -192 96 -48 -48 -48 -48 96 -48 -48 96 96 96 -192 -48 -48 96 -48 96 -48 -48 -48 96 96 96 -192 -48 -48 96 -48 96 -48 -48 96 -48 96 -48 -48 -48 -48 96 -48 96 -48 96 -192 96;
 96 96 -192 -48 -48 96 -48 96 -48 -48 96 -48 96 -48 -48 -48 -48 96 -48 -48 96 96 -48 -48 96 -48 -48 -192 96 96 -48 -48 96 -48 -48 96 96 -48 -48 96 -48 -48 -192 96 96 96 96 -192 96 96 -192 -192 96 96 -192 96 96 384 -192 -192 -48 -48 96 -48 -48 96 96 -48 -48 96 -48 -48 -192 96 96 -48 -48 96 -48 -48 96 96 -48 -48 96 -48 -48 -192 96 96 96 -48 -48 96 -48 -48 -192 96 96 96 -48 -48 96 -48 -48;
 -48 -48 96 -48 96 -48 96 -192 96 -48 96 -48 -48 -48 96 96 -48 -48 -48 96 -48 -48 96 -48 -48 -48 96 96 96 -192 -48 96 -48 96 -48 -48 -48 -48 96 -48 96 -48 96 -192 96 96 -192 96 -192 96 96 96 96 -192 96 -192 96 -192 384 -192 -48 96 -48 96 -48 -48 -48 -48 96 -48 96 -48 96 -192 96 96 -48 -48 -48 96 -48 -48 96 -48 -48 -48 96 96 96 -192 -48 -48 96 -48 96 -48 96 -192 96 -48 96 -48 -48 -48 96;
 -48 -48 96 96 -48 -48 -48 96 -48 96 -192 96 -48 96 -48 -48 96 -48 96 -48 -48 -48 -48 96 -48 96 -48 96 -192 96 96 -48 -48 -48 96 -48 -48 96 -48 -48 -48 96 96 96 -192 -192 96 96 96 -192 96 96 -192 96 96 96 -192 -192 -192 384 96 -48 -48 -48 96 -48 -48 96 -48 -48 -48 96 96 96 -192 -48 96 -48 96 -48 -48 -48 -48 96 -48 96 -48 96 -192 96 -48 96 -48 -48 -48 96 96 96 -192 -48 -48 96 -48 96 -48;
 96 -48 -48 96 -48 -48 -192 96 96 96 -48 -48 96 -48 -48 96 -48 -48 96 -48 -48 -192 96 96 96 -48 -48 96 -48 -48 -192 96 96 96 -48 -48 96 -48 -48 -48 -48 96 -48 -48 96 -192 96 96 96 -48 -48 96 -48 -48 -48 -48 96 -48 -48 96 384 -192 -192 -192 96 96 -192 96 96 96 96 -192 96 96 -192 -192 96 96 96 -48 -48 96 -48 -48 -48 -48 96 -48 -48 96 -192 96 96 96 -48 -48 96 -48 -48 -48 -48 96 -48 -48 96;
 -48 -48 96 -48 96 -48 96 -192 96 -48 96 -48 -48 -48 96 -48 -48 96 -48 96 -48 96 -192 96 -48 96 -48 -48 -48 96 96 96 -192 -48 -48 96 -48 96 -48 -48 96 -48 96 -48 -48 96 -192 96 -48 96 -48 -48 -48 96 96 -48 -48 -48 96 -48 -192 384 -192 96 -192 96 96 96 -192 -192 96 96 96 -192 96 96 -192 96 -48 96 -48 -48 -48 96 96 -48 -48 -48 96 -48 96 96 -192 -48 -48 96 -48 96 -48 -48 96 -48 96 -48 -48;
 -48 96 -48 -48 -48 96 96 96 -192 -48 -48 96 -48 96 -48 -48 96 -48 -48 -48 96 96 96 -192 -48 -48 96 -48 96 -48 96 -192 96 -48 96 -48 -48 -48 96 96 -48 -48 -48 96 -48 96 96 -192 -48 -48 96 -48 96 -48 -48 96 -48 96 -48 -48 -192 -192 384 96 96 -192 96 -192 96 96 -192 96 -192 96 96 96 96 -192 -48 -48 96 -48 96 -48 -48 96 -48 96 -48 -48 96 -192 96 -48 96 -48 -48 -48 96 96 -48 -48 -48 96 -48;
 96 -48 -48 -192 96 96 96 -48 -48 -48 96 -48 -48 96 -48 -192 96 96 96 -48 -48 96 -48 -48 -48 -48 96 -48 -48 96 96 -48 -48 96 -48 -48 -192 96 96 96 -48 -48 96 -48 -48 96 -48 -48 -192 96 96 96 -48 -48 -48 96 -48 -48 96 -48 -192 96 96 384 -192 -192 -192 96 96 96 -192 96 96 -192 96 96 -48 -48 -192 96 96 96 -48 -48 -48 96 -48 -48 96 -48 96 -48 -48 -192 96 96 96 -48 -48 -48 96 -48 -48 96 -48;
 -48 -48 96 96 -48 -48 -48 96 -48 96 -192 96 -48 96 -48 96 96 -192 -48 -48 96 -48 96 -48 -48 96 -48 96 -48 -48 -48 -48 96 -48 96 -48 96 -192 96 -48 96 -48 -48 -48 96 -48 96 -48 96 -192 96 -48 96 -48 96 -48 -48 -48 -48 96 96 -192 96 -192 384 -192 96 -192 96 -192 96 96 96 96 -192 -48 96 -48 96 -192 96 -48 96 -48 96 -48 -48 -48 -48 96 -48 -48 96 96 96 -192 -48 -48 96 -48 -48 96 96 -48 -48;
 -48 96 -48 96 -48 -48 -48 -48 96 -48 96 -48 96 -192 96 96 -192 96 -48 96 -48 -48 -48 96 96 -48 -48 -48 96 -48 -48 96 -48 -48 -48 96 96 96 -192 -48 -48 96 -48 96 -48 -48 -48 96 96 96 -192 -48 -48 96 -48 -48 96 96 -48 -48 96 96 -192 -192 -192 384 96 96 -192 96 96 -192 -192 96 96 -48 -48 96 96 96 -192 -48 -48 96 -48 -48 96 96 -48 -48 -48 96 -48 96 -192 96 -48 96 -48 96 -48 -48 -48 -48 96;
 -192 96 96 96 -48 -48 96 -48 -48 -48 -48 96 -48 -48 96 96 -48 -48 -192 96 96 96 -48 -48 -48 96 -48 -48 96 -48 96 -48 -48 -192 96 96 96 -48 -48 -48 96 -48 -48 96 -48 96 -48 -48 96 -48 -48 -192 96 96 96 -48 -48 96 -48 -48 -192 96 96 -192 96 96 384 -192 -192 -192 96 96 -192 96 96 96 -48 -48 96 -48 -48 -192 96 96 96 -48 -48 96 -48 -48 96 -48 -48 96 -48 -48 -192 96 96 96 -48 -48 96 -48 -48;
 96 -48 -48 -48 -48 96 -48 -48 96 96 96 -192 -48 -48 96 -48 -48 96 96 96 -192 -48 -48 96 -48 -48 96 96 -48 -48 -48 96 -48 96 -192 96 -48 96 -48 96 -48 -48 -48 -48 96 -48 -48 96 -48 96 -48 96 -192 96 -48 96 -48 -48 -48 96 96 96 -192 96 -192 96 -192 384 -192 96 -192 96 96 96 -192 -48 -48 96 -48 96 -48 96 -192 96 -48 96 -48 -48 -48 96 -48 96 -48 -48 -48 96 96 96 -192 -48 -48 96 -48 96 -48;
 96 -48 -48 -48 96 -48 -48 96 -48 -48 -48 96 96 96 -192 -48 96 -48 96 -192 96 -48 96 -48 96 -48 -48 -48 -48 96 -48 -48 96 96 96 -192 -48 -48 96 -48 -48 96 96 -48 -48 -48 96 -48 -48 -48 96 96 96 -192 -48 -48 96 -48 96 -48 96 -192 96 96 96 -192 -192 -192 384 96 96 -192 96 -192 96 -48 96 -48 -48 -48 96 96 96 -192 -48 -48 96 -48 96 -48 -48 -48 96 -48 96 -48 96 -192 96 -48 96 -48 -48 -48 96;
 96 96 -192 -48 -48 96 -48 96 -48 -48 96 -48 96 -48 -48 -48 -48 96 96 -48 -48 -48 96 -48 96 -192 96 -48 96 -48 -48 -48 96 96 -48 -48 -48 96 -48 96 -192 96 -48 96 -48 -48 96 -48 -48 96 -48 96 -48 -48 -192 96 96 96 -48 -48 96 -192 96 96 -192 96 -192 96 96 384 -192 -192 -192 96 96 -48 96 -48 -48 96 -48 96 -48 -48 -192 96 96 96 -48 -48 -48 -48 96 -48 -48 96 96 -48 -48 96 -48 -48 -192 96 96;
 -48 -48 96 96 96 -192 -48 -48 96 -48 -48 96 96 -48 -48 96 -48 -48 -48 -48 96 -48 -48 96 96 96 -192 -48 -48 96 -48 96 -48 -48 96 -48 96 -48 -48 -192 96 96 96 -48 -48 -48 -48 96 96 -48 -48 -48 96 -48 96 -192 96 -48 96 -48 96 96 -192 -192 96 96 96 -192 96 -192 384 -192 96 -192 96 -48 -48 96 96 -48 -48 -48 96 -48 96 -192 96 -48 96 -48 -48 96 -48 96 -48 -48 -48 -48 96 -48 96 -48 96 -192 96;
 -48 -48 96 -48 -48 96 96 -48 -48 96 -48 -48 -192 96 96 -48 96 -48 -48 96 -48 96 -48 -48 -192 96 96 96 -48 -48 96 -48 -48 -48 -48 96 -48 -48 96 96 96 -192 -48 -48 96 96 -48 -48 -48 -48 96 -48 -48 96 96 96 -192 -48 -48 96 -192 96 96 96 96 -192 96 96 -192 -192 -192 384 96 96 -192 96 -48 -48 -48 -48 96 -48 -48 96 96 96 -192 -48 -48 96 96 -48 -48 -48 96 -48 -48 96 -48 -48 -48 96 96 96 -192;
 96 -192 96 -48 96 -48 -48 -48 96 96 -48 -48 -48 96 -48 -48 96 -48 96 -48 -48 -48 -48 96 -48 96 -48 96 -192 96 -48 96 -48 96 -48 -48 -48 -48 96 -48 96 -48 96 -192 96 -48 -48 96 -48 -48 96 96 -48 -48 96 -48 -48 -192 96 96 96 96 -192 96 96 -192 -192 96 96 -192 96 96 384 -192 -192 -48 -48 96 -48 -48 96 96 -48 -48 96 -48 -48 -192 96 96 -48 96 -48 -48 96 -48 96 -48 -48 -192 96 96 96 -48 -48;
 -48 96 -48 96 -192 96 -48 96 -48 96 -48 -48 -48 -48 96 96 -48 -48 -48 96 -48 -48 96 -48 -48 -48 96 96 96 -192 -48 -48 96 -48 -48 96 96 -48 -48 96 -48 -48 -192 96 96 -48 96 -48 96 -48 -48 -48 -48 96 -48 96 -48 96 -192 96 96 -192 96 -192 96 96 96 96 -192 96 -192 96 -192 384 -192 -48 96 -48 96 -48 -48 -48 -48 96 -48 96 -48 96 -192 96 -48 -48 96 96 -48 -48 -48 96 -48 96 -192 96 -48 96 -48;
 -48 96 -48 -48 96 -48 96 -48 -48 -192 96 96 96 -48 -48 -48 -48 96 -48 -48 96 96 -48 -48 96 -48 -48 -192 96 96 96 -48 -48 -48 96 -48 -48 96 -48 -48 -48 96 96 96 -192 96 -48 -48 -48 96 -48 -48 96 -48 -48 -48 96 96 96 -192 -192 96 96 96 -192 96 96 -192 96 96 96 -192 -192 -192 384 96 -48 -48 -48 96 -48 -48 96 -48 -48 -48 96 96 96 -192 96 -48 -48 -48 -48 96 -48 -48 96 96 96 -192 -48 -48 96;
 -48 96 -48 -48 96 -48 96 -48 -48 -192 96 96 96 -48 -48 -48 96 -48 -48 96 -48 96 -48 -48 -192 96 96 96 -48 -48 96 -192 96 -48 96 -48 -48 -48 96 96 -48 -48 -48 96 -48 96 -192 96 -48 96 -48 -48 -48 96 96 -48 -48 -48 96 -48 -192 96 96 96 -48 -48 96 -48 -48 -48 -48 96 -48 -48 96 384 -192 -192 -192 96 96 -192 96 96 96 96 -192 96 96 -192 -192 96 96 96 -48 -48 96 -48 -48 -48 -48 96 -48 -48 96;
 -48 -48 96 96 -48 -48 -48 96 -48 96 -192 96 -48 96 -48 -48 -48 96 96 -48 -48 -48 96 -48 96 -192 96 -48 96 -48 96 96 -192 -48 -48 96 -48 96 -48 -48 96 -48 96 -48 -48 -192 96 96 96 -48 -48 96 -48 -48 -48 -48 96 -48 -48 96 96 -192 96 -48 96 -48 -48 -48 96 96 -48 -48 -48 96 -48 -192 384 -192 96 -192 96 96 96 -192 -192 96 96 96 -192 96 96 -192 96 -48 96 -48 -48 -48 96 96 -48 -48 -48 96 -48;
 96 -48 -48 -48 -48 96 -48 -48 96 96 96 -192 -48 -48 96 96 -48 -48 -48 -48 96 -48 -48 96 96 96 -192 -48 -48 96 -192 96 96 96 -48 -48 96 -48 -48 -48 -48 96 -48 -48 96 96 96 -192 -48 -48 96 -48 96 -48 -48 96 -48 96 -48 -48 96 96 -192 -48 -48 96 -48 96 -48 -48 96 -48 96 -48 -48 -192 -192 384 96 96 -192 96 -192 96 96 -192 96 -192 96 96 96 96 -192 -48 -48 96 -48 96 -48 -48 96 -48 96 -48 -48;
 -48 96 -48 96 -192 96 -48 96 -48 96 -48 -48 -48 -48 96 96 -192 96 -48 96 -48 -48 -48 96 96 -48 -48 -48 96 -48 -48 96 -48 -48 96 -48 96 -48 -48 -192 96 96 96 -48 -48 -48 96 -48 96 -192 96 -48 96 -48 96 -48 -48 -48 -48 96 96 -48 -48 -192 96 96 96 -48 -48 -48 96 -48 -48 96 -48 -192 96 96 384 -192 -192 -192 96 96 96 -192 96 96 -192 96 96 -48 -48 -192 96 96 96 -48 -48 -48 96 -48 -48 96 -48;
 -48 -48 96 -48 96 -48 96 -192 96 -48 96 -48 -48 -48 96 96 96 -192 -48 -48 96 -48 96 -48 -48 96 -48 96 -48 -48 -48 -48 96 96 -48 -48 -48 96 -48 96 -192 96 -48 96 -48 96 -48 -48 -192 96 96 96 -48 -48 -48 96 -48 -48 96 -48 -48 96 -48 96 -192 96 -48 96 -48 96 -48 -48 -48 -48 96 96 -192 96 -192 384 -192 96 -192 96 -192 96 96 96 96 -192 -48 96 -48 96 -192 96 -48 96 -48 96 -48 -48 -48 -48 96;
 96 -48 -48 -48 96 -48 -48 96 -48 -48 -48 96 96 96 -192 -192 96 96 96 -48 -48 96 -48 -48 -48 -48 96 -48 -48 96 96 -48 -48 -48 -48 96 -48 -48 96 96 96 -192 -48 -48 96 -48 -48 96 96 96 -192 -48 -48 96 -48 -48 96 96 -48 -48 -48 -48 96 96 96 -192 -48 -48 96 -48 -48 96 96 -48 -48 96 96 -192 -192 -192 384 96 96 -192 96 96 -192 -192 96 96 -48 -48 96 96 96 -192 -48 -48 96 -48 -48 96 96 -48 -48;
 96 -192 96 -48 96 -48 -48 -48 96 96 -48 -48 -48 96 -48 -48 96 -48 96 -192 96 -48 96 -48 96 -48 -48 -48 -48 96 -48 96 -48 96 -192 96 -48 96 -48 96 -48 -48 -48 -48 96 -48 96 -48 -48 96 -48 96 -48 -48 -192 96 96 96 -48 -48 96 -48 -48 96 -48 -48 -192 96 96 96 -48 -48 96 -48 -48 -192 96 96 -192 96 96 384 -192 -192 -192 96 96 -192 96 96 96 -48 -48 96 -48 -48 -192 96 96 96 -48 -48 96 -48 -48;
 -48 96 -48 -48 -48 96 96 96 -192 -48 -48 96 -48 96 -48 -48 -48 96 96 96 -192 -48 -48 96 -48 -48 96 96 -48 -48 96 -48 -48 -192 96 96 96 -48 -48 -48 96 -48 -48 96 -48 -48 -48 96 96 -48 -48 -48 96 -48 96 -192 96 -48 96 -48 -48 -48 96 -48 96 -48 96 -192 96 -48 96 -48 -48 -48 96 96 96 -192 96 -192 96 -192 384 -192 96 -192 96 96 96 -192 -48 -48 96 -48 96 -48 96 -192 96 -48 96 -48 -48 -48 96;
 -48 96 -48 96 -48 -48 -48 -48 96 -48 96 -48 96 -192 96 96 -48 -48 -192 96 96 96 -48 -48 -48 96 -48 -48 96 -48 -48 -48 96 96 96 -192 -48 -48 96 -48 -48 96 96 -48 -48 96 -48 -48 -48 -48 96 -48 -48 96 96 96 -192 -48 -48 96 -48 96 -48 -48 -48 96 96 96 -192 -48 -48 96 -48 96 -48 96 -192 96 96 96 -192 -192 -192 384 96 96 -192 96 -192 96 -48 96 -48 -48 -48 96 96 96 -192 -48 -48 96 -48 96 -48;
 96 96 -192 -48 -48 96 -48 96 -48 -48 96 -48 96 -48 -48 -48 -48 96 -48 96 -48 96 -192 96 -48 96 -48 -48 -48 96 -48 -48 96 -48 96 -48 96 -192 96 -48 96 -48 -48 -48 96 96 -48 -48 96 -48 -48 -192 96 96 96 -48 -48 96 -48 -48 -48 96 -48 -48 96 -48 96 -48 -48 -192 96 96 96 -48 -48 96 -192 96 96 -192 96 -192 96 96 384 -192 -192 -192 96 96 -48 96 -48 -48 96 -48 96 -48 -48 -192 96 96 96 -48 -48;
 -48 -48 96 96 96 -192 -48 -48 96 -48 -48 96 96 -48 -48 -48 96 -48 -48 -48 96 96 96 -192 -48 -48 96 -48 96 -48 96 -48 -48 96 -48 -48 -192 96 96 96 -48 -48 96 -48 -48 -48 -48 96 -48 96 -48 96 -192 96 -48 96 -48 -48 -48 96 -48 -48 96 96 -48 -48 -48 96 -48 96 -192 96 -48 96 -48 96 96 -192 -192 96 96 96 -192 96 -192 384 -192 96 -192 96 -48 -48 96 96 -48 -48 -48 96 -48 96 -192 96 -48 96 -48;
 -48 -48 96 -48 -48 96 96 -48 -48 96 -48 -48 -192 96 96 96 -48 -48 96 -48 -48 -192 96 96 96 -48 -48 96 -48 -48 -48 96 -48 -48 -48 96 96 96 -192 -48 -48 96 -48 96 -48 -48 96 -48 -48 -48 96 96 96 -192 -48 -48 96 -48 96 -48 96 -48 -48 -48 -48 96 -48 -48 96 96 96 -192 -48 -48 96 -192 96 96 96 96 -192 96 96 -192 -192 -192 384 96 96 -192 96 -48 -48 -48 -48 96 -48 -48 96 96 96 -192 -48 -48 96;
 -192 96 96 96 -48 -48 96 -48 -48 -48 -48 96 -48 -48 96 96 -48 -48 -48 96 -48 -48 96 -48 -48 -48 96 96 96 -192 96 -48 -48 -48 96 -48 -48 96 -48 -48 -48 96 96 96 -192 -48 -48 96 -48 -48 96 96 -48 -48 96 -48 -48 -192 96 96 -48 -48 96 -48 -48 96 96 -48 -48 96 -48 -48 -192 96 96 96 96 -192 96 96 -192 -192 96 96 -192 96 96 384 -192 -192 -48 -48 96 -48 -48 96 96 -48 -48 96 -48 -48 -192 96 96;
 96 -48 -48 -192 96 96 96 -48 -48 -48 96 -48 -48 96 -48 -48 96 -48 96 -48 -48 -48 -48 96 -48 96 -48 96 -192 96 -48 -48 96 -48 -48 96 96 -48 -48 96 -48 -48 -192 96 96 96 -48 -48 -48 96 -48 -48 96 -48 -48 -48 96 96 96 -192 -48 96 -48 96 -48 -48 -48 -48 96 -48 96 -48 96 -192 96 96 -192 96 -192 96 96 96 96 -192 96 -192 96 -192 384 -192 -48 96 -48 96 -48 -48 -48 -48 96 -48 96 -48 96 -192 96;
 96 -48 -48 96 -48 -48 -192 96 96 96 -48 -48 96 -48 -48 -48 -48 96 -48 -48 96 96 -48 -48 96 -48 -48 -192 96 96 -48 96 -48 96 -48 -48 -48 -48 96 -48 96 -48 96 -192 96 -48 96 -48 96 -48 -48 -48 -48 96 -48 96 -48 96 -192 96 96 -48 -48 -48 96 -48 -48 96 -48 -48 -48 96 96 96 -192 -192 96 96 96 -192 96 96 -192 96 96 96 -192 -192 -192 384 96 -48 -48 -48 96 -48 -48 96 -48 -48 -48 96 96 96 -192;
 -48 -48 96 -48 -48 96 96 -48 -48 96 -48 -48 -192 96 96 -48 -48 96 -48 -48 96 96 -48 -48 96 -48 -48 -192 96 96 96 96 -192 -48 -48 96 -48 96 -48 -48 96 -48 96 -48 -48 96 96 -192 -48 -48 96 -48 96 -48 -48 96 -48 96 -48 -48 -192 96 96 96 -48 -48 96 -48 -48 -48 -48 96 -48 -48 96 -192 96 96 96 -48 -48 96 -48 -48 -48 -48 96 -48 -48 96 384 -192 -192 -192 96 96 -192 96 96 96 96 -192 96 96 -192;
 -48 96 -48 96 -48 -48 -48 -48 96 -48 96 -48 96 -192 96 -48 96 -48 96 -48 -48 -48 -48 96 -48 96 -48 96 -192 96 96 -192 96 -48 96 -48 -48 -48 96 96 -48 -48 -48 96 -48 -192 96 96 96 -48 -48 96 -48 -48 -48 -48 96 -48 -48 96 96 96 -192 -48 -48 96 -48 96 -48 -48 96 -48 96 -48 -48 96 -192 96 -48 96 -48 -48 -48 96 96 -48 -48 -48 96 -48 -192 384 -192 96 -192 96 96 96 -192 -192 96 96 96 -192 96;
 96 -48 -48 -48 96 -48 -48 96 -48 -48 -48 96 96 96 -192 96 -48 -48 -48 96 -48 -48 96 -48 -48 -48 96 96 96 -192 -192 96 96 96 -48 -48 96 -48 -48 -48 -48 96 -48 -48 96 96 -192 96 -48 96 -48 -48 -48 96 96 -48 -48 -48 96 -48 96 -192 96 -48 96 -48 -48 -48 96 96 -48 -48 -48 96 -48 96 96 -192 -48 -48 96 -48 96 -48 -48 96 -48 96 -48 -48 -192 -192 384 96 96 -192 96 -192 96 96 -192 96 -192 96 96;
 -48 -48 96 96 96 -192 -48 -48 96 -48 -48 96 96 -48 -48 96 96 -192 -48 -48 96 -48 96 -48 -48 96 -48 96 -48 -48 -48 -48 96 -48 -48 96 96 -48 -48 96 -48 -48 -192 96 96 -48 -48 96 96 96 -192 -48 -48 96 -48 -48 96 96 -48 -48 96 -48 -48 -192 96 96 96 -48 -48 -48 96 -48 -48 96 -48 96 -48 -48 -192 96 96 96 -48 -48 -48 96 -48 -48 96 -48 -192 96 96 384 -192 -192 -192 96 96 96 -192 96 96 -192 96;
 -48 96 -48 -48 -48 96 96 96 -192 -48 -48 96 -48 96 -48 96 -192 96 -48 96 -48 -48 -48 96 96 -48 -48 -48 96 -48 -48 96 -48 96 -48 -48 -48 -48 96 -48 96 -48 96 -192 96 96 -48 -48 -192 96 96 96 -48 -48 -48 96 -48 -48 96 -48 -48 -48 96 96 96 -192 -48 -48 96 -48 -48 96 96 -48 -48 -48 96 -48 96 -192 96 -48 96 -48 96 -48 -48 -48 -48 96 96 -192 96 -192 384 -192 96 -192 96 -192 96 96 96 96 -192;
 96 -48 -48 -48 -48 96 -48 -48 96 96 96 -192 -48 -48 96 -192 96 96 96 -48 -48 96 -48 -48 -48 -48 96 -48 -48 96 96 -48 -48 -48 96 -48 -48 96 -48 -48 -48 96 96 96 -192 -48 96 -48 96 -192 96 -48 96 -48 96 -48 -48 -48 -48 96 -48 96 -48 96 -192 96 -48 96 -48 96 -48 -48 -48 -48 96 -48 -48 96 96 96 -192 -48 -48 96 -48 -48 96 96 -48 -48 96 96 -192 -192 -192 384 96 96 -192 96 96 -192 -192 96 96;
 96 96 -192 -48 -48 96 -48 96 -48 -48 96 -48 96 -48 -48 -48 -48 96 96 96 -192 -48 -48 96 -48 -48 96 96 -48 -48 -48 -48 96 96 96 -192 -48 -48 96 -48 -48 96 96 -48 -48 -48 -48 96 -48 -48 96 96 -48 -48 96 -48 -48 -192 96 96 96 -48 -48 96 -48 -48 -192 96 96 96 -48 -48 96 -48 -48 96 -48 -48 96 -48 -48 -192 96 96 96 -48 -48 96 -48 -48 -192 96 96 -192 96 96 384 -192 -192 -192 96 96 -192 96 96;
 -48 -48 96 -48 96 -48 96 -192 96 -48 96 -48 -48 -48 96 -48 96 -48 96 -192 96 -48 96 -48 96 -48 -48 -48 -48 96 96 -48 -48 -192 96 96 96 -48 -48 -48 96 -48 -48 96 -48 -48 96 -48 96 -48 -48 -48 -48 96 -48 96 -48 96 -192 96 -48 96 -48 -48 -48 96 96 96 -192 -48 -48 96 -48 96 -48 -48 -48 96 -48 96 -48 96 -192 96 -48 96 -48 -48 -48 96 96 96 -192 96 -192 96 -192 384 -192 96 -192 96 96 96 -192;
 -48 -48 96 96 -48 -48 -48 96 -48 96 -192 96 -48 96 -48 96 -48 -48 -192 96 96 96 -48 -48 -48 96 -48 -48 96 -48 -48 96 -48 96 -192 96 -48 96 -48 96 -48 -48 -48 -48 96 96 -48 -48 -48 96 -48 -48 96 -48 -48 -48 96 96 96 -192 -48 -48 96 -48 96 -48 96 -192 96 -48 96 -48 -48 -48 96 -48 96 -48 -48 -48 96 96 96 -192 -48 -48 96 -48 96 -48 96 -192 96 96 96 -192 -192 -192 384 96 96 -192 96 -192 96;
 96 -192 96 -48 96 -48 -48 -48 96 96 -48 -48 -48 96 -48 -48 96 -48 -48 -48 96 96 96 -192 -48 -48 96 -48 96 -48 -48 96 -48 -48 -48 96 96 96 -192 -48 -48 96 -48 96 -48 96 -48 -48 96 -48 -48 -192 96 96 96 -48 -48 96 -48 -48 -48 -48 96 -48 -48 96 96 -48 -48 96 -48 -48 -192 96 96 -48 96 -48 -48 96 -48 96 -48 -48 -192 96 96 96 -48 -48 96 -192 96 96 -192 96 -192 96 96 384 -192 -192 -192 96 96;
 -48 96 -48 96 -192 96 -48 96 -48 96 -48 -48 -48 -48 96 -48 -48 96 -48 96 -48 96 -192 96 -48 96 -48 -48 -48 96 96 -48 -48 96 -48 -48 -192 96 96 96 -48 -48 96 -48 -48 -48 96 -48 -48 -48 96 96 96 -192 -48 -48 96 -48 96 -48 -48 96 -48 96 -48 -48 -48 -48 96 -48 96 -48 96 -192 96 -48 -48 96 96 -48 -48 -48 96 -48 96 -192 96 -48 96 -48 96 96 -192 -192 96 96 96 -192 96 -192 384 -192 96 -192 96;
 -48 96 -48 -48 96 -48 96 -48 -48 -192 96 96 96 -48 -48 96 -48 -48 96 -48 -48 -192 96 96 96 -48 -48 96 -48 -48 -48 -48 96 -48 96 -48 96 -192 96 -48 96 -48 -48 -48 96 -48 -48 96 -48 96 -48 96 -192 96 -48 96 -48 -48 -48 96 96 -48 -48 -48 96 -48 -48 96 -48 -48 -48 96 96 96 -192 96 -48 -48 -48 -48 96 -48 -48 96 96 96 -192 -48 -48 96 -192 96 96 96 96 -192 96 96 -192 -192 -192 384 96 96 -192;
 -192 96 96 96 -48 -48 96 -48 -48 -48 -48 96 -48 -48 96 96 -48 -48 -48 -48 96 -48 -48 96 96 96 -192 -48 -48 96 96 -48 -48 -48 -48 96 -48 -48 96 96 96 -192 -48 -48 96 -48 96 -48 -48 96 -48 96 -48 -48 -192 96 96 96 -48 -48 -48 96 -48 -48 96 -48 96 -48 -48 -192 96 96 96 -48 -48 -48 -48 96 -48 -48 96 96 -48 -48 96 -48 -48 -192 96 96 96 96 -192 96 96 -192 -192 96 96 -192 96 96 384 -192 -192;
 96 -48 -48 -192 96 96 96 -48 -48 -48 96 -48 -48 96 -48 -48 -48 96 96 -48 -48 -48 96 -48 96 -192 96 -48 96 -48 -48 96 -48 -48 96 -48 96 -48 -48 -192 96 96 96 -48 -48 96 -48 -48 -48 -48 96 -48 -48 96 96 96 -192 -48 -48 96 -48 -48 96 96 -48 -48 -48 96 -48 96 -192 96 -48 96 -48 -48 96 -48 96 -48 -48 -48 -48 96 -48 96 -48 96 -192 96 96 -192 96 -192 96 96 96 96 -192 96 -192 96 -192 384 -192;
 96 -48 -48 96 -48 -48 -192 96 96 96 -48 -48 96 -48 -48 -48 96 -48 -48 96 -48 96 -48 -48 -192 96 96 96 -48 -48 -48 -48 96 96 -48 -48 -48 96 -48 96 -192 96 -48 96 -48 -48 -48 96 96 -48 -48 -48 96 -48 96 -192 96 -48 96 -48 96 -48 -48 -48 -48 96 -48 -48 96 96 96 -192 -48 -48 96 96 -48 -48 -48 96 -48 -48 96 -48 -48 -48 96 96 96 -192 -192 96 96 96 -192 96 96 -192 96 96 96 -192 -192 -192 384;
