384 64 64 64 -96 -96 64 -96 -96 -96 -96 64 -96 -96 64 64 224 224 -96 -16 -16 -96 -16 -16 -16 -16 -96 -16 -16 -96 64 224 224 -96 -16 -16 -96 -16 -16 -16 -16 -96 -16 -16 -96 -96 -16 -16 -96 -16 -16 64 224 224 -96 -16 -16 -96 -16 -16 -96 -16 -16 -96 -16 -16 64 224 224 -96 -16 -16 -96 -16 -16 -16 -16 -96 -16 -16 -96 -96 -16 -16 -96 -16 -16 64 224 224 -16 -16 -96 -16 -16 -96 -96 -16 -16 -96 -16 -16 64 224 224;
 64 384 64 -96 64 -96 -96 -96 64 64 -96 -96 -96 64 -96 224 64 224 -16 -96 -16 -16 -16 -96 -96 -16 -16 -16 -96 -16 224 64 224 -16 -96 -16 -16 -16 -96 -96 -16 -16 -16 -96 -16 -16 -96 -16 -16 -96 -16 -96 -16 -16 64 224 224 -96 -16 -16 -16 -16 -96 -16 -16 -96 -96 -16 -16 -96 -16 -16 64 224 224 -96 -16 -16 -96 -16 -16 64 224 224 -96 -16 -16 -96 -16 -16 -16 -96 -16 -16 -96 -16 -96 -16 -16 64 224 224 -96 -16 -16;
 64 64 384 -96 -96 64 -96 64 -96 -96 64 -96 64 -96 -96 224 224 64 -16 -16 -96 -16 -96 -16 -16 -96 -16 -96 -16 -16 224 224 64 -16 -16 -96 -16 -96 -16 -16 -96 -16 -96 -16 -16 -16 -16 -96 -16 -16 -96 -96 -16 -16 -96 -16 -16 64 224 224 -16 -96 -16 -16 -96 -16 -96 -16 -16 64 224 224 -96 -16 -16 -16 -96 -16 -16 -96 -16 -96 -16 -16 64 224 224 -96 -16 -16 -96 -16 -16 -96 -16 -16 64 224 224 -96 -16 -16 -96 -16 -16;
 64 -96 -96 384 64 64 64 -96 -96 -96 64 -96 -96 64 -96 -96 -16 -16 64 224 224 -96 -16 -16 -16 -96 -16 -16 -96 -16 -96 -16 -16 -96 -16 -16 64 224 224 -96 -16 -16 -96 -16 -16 64 224 224 -96 -16 -16 -96 -16 -16 -16 -16 -96 -16 -16 -96 -96 -16 -16 64 224 224 -96 -16 -16 -16 -96 -16 -16 -96 -16 -16 -96 -16 -96 -16 -16 -16 -16 -96 -16 -96 -16 224 64 224 -16 -96 -16 -96 -16 -16 -16 -16 -96 -16 -96 -16 224 64 224;
 -96 64 -96 64 384 64 -96 64 -96 64 -96 -96 -96 -96 64 -16 -96 -16 224 64 224 -16 -96 -16 -96 -16 -16 -16 -16 -96 -16 -96 -16 -16 -96 -16 -96 -16 -16 64 224 224 -96 -16 -16 224 64 224 -16 -96 -16 -16 -16 -96 -96 -16 -16 -16 -96 -16 -16 -96 -16 -96 -16 -16 -16 -16 -96 -16 -96 -16 224 64 224 -96 -16 -16 64 224 224 -96 -16 -16 -16 -96 -16 -16 -96 -16 -16 -16 -96 -96 -16 -16 -16 -96 -16 224 64 224 -16 -96 -16;
 -96 -96 64 64 64 384 -96 -96 64 -96 -96 64 64 -96 -96 -16 -16 -96 224 224 64 -16 -16 -96 -16 -16 -96 -96 -16 -16 -16 -16 -96 -16 -16 -96 -96 -16 -16 -96 -16 -16 64 224 224 224 224 64 -16 -16 -96 -16 -96 -16 -16 -96 -16 -96 -16 -16 -16 -16 -96 -96 -16 -16 -16 -96 -16 224 64 224 -16 -96 -16 -16 -16 -96 -96 -16 -16 -16 -96 -16 224 64 224 -16 -96 -16 -96 -16 -16 64 224 224 -96 -16 -16 -16 -96 -16 -16 -96 -16;
 64 -96 -96 64 -96 -96 384 64 64 64 -96 -96 64 -96 -96 -96 -16 -16 -96 -16 -16 64 224 224 -96 -16 -16 -96 -16 -16 -96 -16 -16 64 224 224 -96 -16 -16 -16 -96 -16 -16 -96 -16 -96 -16 -16 64 224 224 -96 -16 -16 -16 -96 -16 -16 -96 -16 64 224 224 -96 -16 -16 -96 -16 -16 -16 -16 -96 -16 -16 -96 -96 -16 -16 -16 -96 -16 -16 -96 -16 -16 -16 -96 224 224 64 -96 -16 -16 -16 -96 -16 -16 -96 -16 -16 -16 -96 224 224 64;
 -96 -96 64 -96 64 -96 64 384 64 -96 64 -96 -96 -96 64 -16 -16 -96 -16 -96 -16 224 64 224 -16 -96 -16 -16 -16 -96 -16 -16 -96 -96 -16 -16 -16 -96 -16 224 64 224 -16 -96 -16 -16 -96 -16 -96 -16 -16 -16 -16 -96 -16 -96 -16 224 64 224 224 64 224 -16 -96 -16 -16 -16 -96 -96 -16 -16 -16 -96 -16 -16 -96 -16 224 64 224 -16 -96 -16 -96 -16 -16 -16 -16 -96 -16 -16 -96 -16 -96 -16 224 64 224 -16 -96 -16 -16 -16 -96;
 -96 64 -96 -96 -96 64 64 64 384 -96 -96 64 -96 64 -96 -16 -96 -16 -16 -16 -96 224 224 64 -16 -16 -96 -16 -96 -16 -16 -96 -16 -96 -16 -16 -16 -16 -96 -16 -96 -16 224 64 224 -16 -16 -96 -96 -16 -16 -16 -96 -16 224 64 224 -16 -96 -16 224 224 64 -16 -16 -96 -16 -96 -16 -16 -96 -16 -96 -16 -16 -16 -16 -96 -16 -96 -16 224 64 224 -16 -96 -16 -16 -16 -96 -16 -96 -16 224 64 224 -16 -96 -16 -96 -16 -16 -16 -16 -96;
 -96 64 -96 -96 64 -96 64 -96 -96 384 64 64 64 -96 -96 -16 -96 -16 -16 -96 -16 -96 -16 -16 64 224 224 -96 -16 -16 -16 -96 -16 224 64 224 -16 -96 -16 -96 -16 -16 -16 -16 -96 -16 -96 -16 224 64 224 -16 -96 -16 -96 -16 -16 -16 -16 -96 -96 -16 -16 -16 -96 -16 -16 -96 -16 -16 -16 -96 224 224 64 64 224 224 -96 -16 -16 -96 -16 -16 -16 -16 -96 -16 -16 -96 -96 -16 -16 -16 -16 -96 -16 -16 -96 224 224 64 -16 -16 -96;
 -96 -96 64 64 -96 -96 -96 64 -96 64 384 64 -96 64 -96 -16 -16 -96 -96 -16 -16 -16 -96 -16 224 64 224 -16 -96 -16 -16 -16 -96 -16 -96 -16 224 64 224 -16 -96 -16 -16 -16 -96 -96 -16 -16 -16 -96 -16 -16 -96 -16 -16 -16 -96 224 224 64 -16 -96 -16 224 64 224 -16 -96 -16 -96 -16 -16 -16 -16 -96 224 64 224 -16 -96 -16 -16 -16 -96 -96 -16 -16 -16 -96 -16 -16 -96 -16 -16 -16 -96 224 224 64 -16 -16 -96 -16 -96 -16;
 64 -96 -96 -96 -96 64 -96 -96 64 64 64 384 -96 -96 64 -96 -16 -16 -16 -16 -96 -16 -16 -96 224 224 64 -16 -16 -96 -96 -16 -16 -16 -96 -16 -16 -96 -16 -16 -16 -96 224 224 64 -16 -16 -96 -16 -96 -16 224 64 224 -16 -96 -16 -16 -16 -96 -16 -16 -96 -16 -96 -16 224 64 224 -16 -96 -16 -16 -16 -96 224 224 64 -16 -16 -96 -16 -96 -16 -16 -96 -16 -96 -16 -16 -16 -16 -96 224 224 64 -16 -16 -96 -16 -16 -96 -96 -16 -16;
 -96 -96 64 -96 -96 64 64 -96 -96 64 -96 -96 384 64 64 -16 -16 -96 -16 -16 -96 -96 -16 -16 -96 -16 -16 64 224 224 -16 -16 -96 224 224 64 -16 -16 -96 -16 -16 -96 -96 -16 -16 -16 -16 -96 224 224 64 -16 -16 -96 -16 -16 -96 -96 -16 -16 -96 -16 -16 -16 -16 -96 -16 -16 -96 224 224 64 -16 -16 -96 -96 -16 -16 -16 -16 -96 -16 -16 -96 224 224 64 -16 -16 -96 64 224 224 -96 -16 -16 -96 -16 -16 -16 -16 -96 -16 -16 -96;
 -96 64 -96 64 -96 -96 -96 -96 64 -96 64 -96 64 384 64 -16 -96 -16 -96 -16 -16 -16 -16 -96 -16 -96 -16 224 64 224 -16 -96 -16 -16 -16 -96 224 224 64 -16 -16 -96 -16 -96 -16 -96 -16 -16 -16 -16 -96 -16 -16 -96 224 224 64 -16 -16 -96 -16 -16 -96 224 224 64 -16 -16 -96 -16 -16 -96 -96 -16 -16 -16 -96 -16 -16 -16 -96 224 224 64 -16 -16 -96 -16 -96 -16 224 64 224 -16 -96 -16 -16 -16 -96 -96 -16 -16 -16 -96 -16;
 64 -96 -96 -96 64 -96 -96 64 -96 -96 -96 64 64 64 384 -96 -16 -16 -16 -96 -16 -16 -96 -16 -16 -16 -96 224 224 64 -96 -16 -16 -16 -16 -96 -16 -16 -96 224 224 64 -16 -16 -96 -16 -96 -16 -16 -16 -96 224 224 64 -16 -16 -96 -16 -96 -16 -16 -96 -16 -16 -16 -96 224 224 64 -16 -16 -96 -16 -96 -16 -16 -16 -96 224 224 64 -16 -16 -96 -16 -16 -96 -96 -16 -16 224 224 64 -16 -16 -96 -16 -96 -16 -16 -96 -16 -96 -16 -16;
 64 224 224 -96 -16 -16 -96 -16 -16 -16 -16 -96 -16 -16 -96 384 64 64 64 -96 -96 64 -96 -96 -96 -96 64 -96 -96 64 64 224 224 -96 -16 -16 -96 -16 -16 -16 -16 -96 -16 -16 -96 -96 -16 -16 64 -96 -96 -96 -16 -16 -16 224 -16 -16 224 -16 -96 -16 -16 64 -96 -96 -96 -16 -16 -16 224 -16 -16 224 -16 -16 -16 -96 -96 -96 64 -16 -16 224 -16 -16 224 -96 -16 -16 -16 -16 -96 -96 -96 64 -16 -16 224 -16 -16 224 -96 -16 -16;
 224 64 224 -16 -96 -16 -16 -16 -96 -96 -16 -16 -16 -96 -16 64 384 64 -96 64 -96 -96 -96 64 64 -96 -96 -96 64 -96 224 64 224 -16 -96 -16 -16 -16 -96 -96 -16 -16 -16 -96 -16 -16 -96 -16 -96 64 -96 -16 224 -16 -96 -16 -16 -16 -16 224 -16 -16 -96 -96 -96 64 -16 -16 224 -16 -16 224 -96 -16 -16 -96 -16 -16 64 -96 -96 -96 -16 -16 -16 224 -16 -16 224 -16 -16 -96 -16 -96 64 -96 -16 224 -16 -96 -16 -16 -16 -16 224;
 224 224 64 -16 -16 -96 -16 -96 -16 -16 -96 -16 -96 -16 -16 64 64 384 -96 -96 64 -96 64 -96 -96 64 -96 64 -96 -96 224 224 64 -16 -16 -96 -16 -96 -16 -16 -96 -16 -96 -16 -16 -16 -16 -96 -96 -96 64 -16 -16 224 -16 -16 224 -96 -16 -16 -16 -96 -16 -96 64 -96 -16 224 -16 -96 -16 -16 -16 -16 224 -16 -96 -16 -96 64 -96 -16 224 -16 -96 -16 -16 -16 -16 224 -96 -16 -16 64 -96 -96 -96 -16 -16 -16 224 -16 -16 224 -16;
 -96 -16 -16 64 224 224 -96 -16 -16 -16 -96 -16 -16 -96 -16 64 -96 -96 384 64 64 64 -96 -96 -96 64 -96 -96 64 -96 -96 -16 -16 64 -96 -96 -96 -16 -16 -16 224 -16 -16 224 -16 64 224 224 -96 -16 -16 -96 -16 -16 -16 -16 -96 -16 -16 -96 -96 -16 -16 -96 -16 -16 64 -96 -96 224 -16 -16 224 -16 -16 -16 -96 -16 -16 -16 224 -96 -96 64 -16 -16 224 -16 -96 -16 -16 -96 -16 -16 -16 224 -96 -96 64 -16 -16 224 -16 -96 -16;
 -16 -96 -16 224 64 224 -16 -96 -16 -96 -16 -16 -16 -16 -96 -96 64 -96 64 384 64 -96 64 -96 64 -96 -96 -96 -96 64 -16 -96 -16 -96 64 -96 -16 224 -16 -96 -16 -16 -16 -16 224 224 64 224 -16 -96 -16 -16 -16 -96 -96 -16 -16 -16 -96 -16 -16 -96 -16 -16 -16 224 -96 -96 64 -16 -16 224 -16 -96 -16 -96 -16 -16 -96 -16 -16 64 -96 -96 224 -16 -16 224 -16 -16 -16 -16 -96 -16 224 -16 -96 64 -96 -16 -96 -16 -16 -16 224;
 -16 -16 -96 224 224 64 -16 -16 -96 -16 -16 -96 -96 -16 -16 -96 -96 64 64 64 384 -96 -96 64 -96 -96 64 64 -96 -96 -16 -16 -96 -96 -96 64 -16 -16 224 -16 -16 224 -96 -16 -16 224 224 64 -16 -16 -96 -16 -96 -16 -16 -96 -16 -96 -16 -16 -16 -16 -96 -16 224 -16 -96 64 -96 -16 -96 -16 -16 -16 224 -16 -16 -96 -16 224 -16 -96 64 -96 -16 -96 -16 -16 -16 224 -96 -16 -16 -96 -16 -16 64 -96 -96 224 -16 -16 224 -16 -16;
 -96 -16 -16 -96 -16 -16 64 224 224 -96 -16 -16 -96 -16 -16 64 -96 -96 64 -96 -96 384 64 64 64 -96 -96 64 -96 -96 -96 -16 -16 -96 -16 -16 64 -96 -96 224 -16 -16 224 -16 -16 -96 -16 -16 -96 -16 -16 64 -96 -96 224 -16 -16 224 -16 -16 64 224 224 -96 -16 -16 -96 -16 -16 -16 -16 -96 -16 -16 -96 -96 -16 -16 -16 -16 224 -16 -16 224 -96 -96 64 -16 -16 -96 -96 -16 -16 -16 -16 224 -16 -16 224 -96 -96 64 -16 -16 -96;
 -16 -16 -96 -16 -96 -16 224 64 224 -16 -96 -16 -16 -16 -96 -96 -96 64 -96 64 -96 64 384 64 -96 64 -96 -96 -96 64 -16 -16 -96 -16 224 -16 -96 64 -96 -16 -96 -16 -16 -16 224 -16 -96 -16 -16 -16 224 -96 -96 64 -16 -16 224 -16 -96 -16 224 64 224 -16 -96 -16 -16 -16 -96 -96 -16 -16 -16 -96 -16 -16 -96 -16 -16 -96 -16 224 -16 -16 64 -96 -96 224 -16 -16 -16 -16 -96 224 -16 -16 -16 -96 -16 -96 64 -96 -16 224 -16;
 -16 -96 -16 -16 -16 -96 224 224 64 -16 -16 -96 -16 -96 -16 -96 64 -96 -96 -96 64 64 64 384 -96 -96 64 -96 64 -96 -16 -96 -16 -16 -16 224 -96 -96 64 -16 -16 224 -16 -96 -16 -16 -16 -96 -16 224 -16 -96 64 -96 -16 -96 -16 -16 -16 224 224 224 64 -16 -16 -96 -16 -96 -16 -16 -96 -16 -96 -16 -16 -16 -16 -96 224 -16 -16 -16 -96 -16 -96 64 -96 -16 224 -16 -16 -96 -16 -16 -96 -16 224 -16 -16 64 -96 -96 224 -16 -16;
 -16 -96 -16 -16 -96 -16 -96 -16 -16 64 224 224 -96 -16 -16 -96 64 -96 -96 64 -96 64 -96 -96 384 64 64 64 -96 -96 -16 -96 -16 -16 -96 -16 224 -16 -16 64 -96 -96 224 -16 -16 -16 -96 -16 -16 -96 -16 224 -16 -16 64 -96 -96 224 -16 -16 -96 -16 -16 -16 -16 224 -16 -16 224 -96 -96 64 -16 -16 -96 64 224 224 -96 -16 -16 -96 -16 -16 -16 -16 -96 -16 -16 -96 -96 -16 -16 -16 224 -16 -16 224 -16 -16 -16 -96 -96 -96 64;
 -16 -16 -96 -96 -16 -16 -16 -96 -16 224 64 224 -16 -96 -16 -96 -96 64 64 -96 -96 -96 64 -96 64 384 64 -96 64 -96 -16 -16 -96 224 -16 -16 -16 -96 -16 -96 64 -96 -16 224 -16 -96 -16 -16 -16 -16 224 -16 -16 224 -96 -96 64 -16 -16 -96 -16 -96 -16 -16 -96 -16 224 -16 -16 64 -96 -96 224 -16 -16 224 64 224 -16 -96 -16 -16 -16 -96 -96 -16 -16 -16 -96 -16 -16 -96 -16 224 -16 -16 -16 -16 -96 -16 224 -16 -96 64 -96;
 -96 -16 -16 -16 -16 -96 -16 -16 -96 224 224 64 -16 -16 -96 64 -96 -96 -96 -96 64 -96 -96 64 64 64 384 -96 -96 64 -96 -16 -16 -16 -16 224 -16 -16 224 -96 -96 64 -16 -16 -96 -16 -16 -96 224 -16 -16 -16 -96 -16 -96 64 -96 -16 224 -16 -16 -16 -96 224 -16 -16 -16 -96 -16 -96 64 -96 -16 224 -16 224 224 64 -16 -16 -96 -16 -96 -16 -16 -96 -16 -96 -16 -16 -16 -16 -96 -16 -16 -96 224 -16 -16 224 -16 -16 64 -96 -96;
 -16 -16 -96 -16 -16 -96 -96 -16 -16 -96 -16 -16 64 224 224 -96 -96 64 -96 -96 64 64 -96 -96 64 -96 -96 384 64 64 -16 -16 -96 -16 -16 -96 224 -16 -16 224 -16 -16 64 -96 -96 -16 -16 -96 -16 -16 -96 224 -16 -16 224 -16 -16 64 -96 -96 -96 -16 -16 -16 224 -16 -16 224 -16 -16 -16 -96 -96 -96 64 -96 -16 -16 -16 224 -16 -16 224 -16 -16 -16 -96 -96 -96 64 64 224 224 -96 -16 -16 -96 -16 -16 -16 -16 -96 -16 -16 -96;
 -16 -96 -16 -96 -16 -16 -16 -16 -96 -16 -96 -16 224 64 224 -96 64 -96 64 -96 -96 -96 -96 64 -96 64 -96 64 384 64 -16 -96 -16 224 -16 -16 -16 -16 -96 -16 224 -16 -96 64 -96 -96 -16 -16 -16 224 -16 -16 224 -16 -16 -16 -96 -96 -96 64 -16 -16 -96 -16 -16 -96 224 -16 -16 224 -16 -16 64 -96 -96 -16 -96 -16 224 -16 -16 -16 -16 -96 -16 224 -16 -96 64 -96 224 64 224 -16 -96 -16 -16 -16 -96 -96 -16 -16 -16 -96 -16;
 -96 -16 -16 -16 -96 -16 -16 -96 -16 -16 -16 -96 224 224 64 64 -96 -96 -96 64 -96 -96 64 -96 -96 -96 64 64 64 384 -96 -16 -16 -16 224 -16 -16 224 -16 -16 -16 -96 -96 -96 64 -16 -96 -16 224 -16 -16 -16 -16 -96 -16 224 -16 -96 64 -96 -16 -96 -16 224 -16 -16 -16 -16 -96 -16 224 -16 -96 64 -96 -16 -16 -96 -16 -16 -96 224 -16 -16 224 -16 -16 64 -96 -96 224 224 64 -16 -16 -96 -16 -96 -16 -16 -96 -16 -96 -16 -16;
 64 224 224 -96 -16 -16 -96 -16 -16 -16 -16 -96 -16 -16 -96 64 224 224 -96 -16 -16 -96 -16 -16 -16 -16 -96 -16 -16 -96 384 64 64 64 -96 -96 64 -96 -96 -96 -96 64 -96 -96 64 64 -96 -96 -96 -16 -16 -96 -16 -16 -16 -16 224 -16 -16 224 64 -96 -96 -96 -16 -16 -96 -16 -16 -16 -16 224 -16 -16 224 -96 -96 64 -16 -16 -96 -16 224 -16 -16 224 -16 -96 -16 -16 -96 -96 64 -16 -16 -96 -16 224 -16 -16 224 -16 -96 -16 -16;
 224 64 224 -16 -96 -16 -16 -16 -96 -96 -16 -16 -16 -96 -16 224 64 224 -16 -96 -16 -16 -16 -96 -96 -16 -16 -16 -96 -16 64 384 64 -96 64 -96 -96 -96 64 64 -96 -96 -96 64 -96 -96 64 -96 -16 -96 -16 -16 -16 224 -96 -16 -16 -16 224 -16 -96 -96 64 -16 -16 -96 -16 224 -16 -16 224 -16 -96 -16 -16 64 -96 -96 -96 -16 -16 -96 -16 -16 -16 -16 224 -16 -16 224 -96 64 -96 -16 -96 -16 -16 -16 224 -96 -16 -16 -16 224 -16;
 224 224 64 -16 -16 -96 -16 -96 -16 -16 -96 -16 -96 -16 -16 224 224 64 -16 -16 -96 -16 -96 -16 -16 -96 -16 -96 -16 -16 64 64 384 -96 -96 64 -96 64 -96 -96 64 -96 64 -96 -96 -96 -96 64 -16 -16 -96 -16 224 -16 -16 224 -16 -96 -16 -16 -96 64 -96 -16 -96 -16 -16 -16 224 -96 -16 -16 -16 224 -16 -96 64 -96 -16 -96 -16 -16 -16 224 -96 -16 -16 -16 224 -16 64 -96 -96 -96 -16 -16 -96 -16 -16 -16 -16 224 -16 -16 224;
 -96 -16 -16 -96 -16 -16 64 -96 -96 224 -16 -16 224 -16 -16 -96 -16 -16 64 -96 -96 -96 -16 -16 -16 224 -16 -16 224 -16 64 -96 -96 384 64 64 64 -96 -96 -96 64 -96 -96 64 -96 -96 -16 -16 64 224 224 -96 -16 -16 -16 -96 -16 -16 -96 -16 -96 -16 -16 -96 -16 -16 64 -96 -96 224 -16 -16 224 -16 -16 -16 -16 224 -16 -96 -16 -96 64 -96 -16 224 -16 -16 -16 -96 -16 -16 224 -16 -96 -16 -96 64 -96 -16 224 -16 -16 -16 -96;
 -16 -96 -16 -16 -96 -16 224 -16 -16 64 -96 -96 224 -16 -16 -16 -96 -16 -96 64 -96 -16 224 -16 -96 -16 -16 -16 -16 224 -96 64 -96 64 384 64 -96 64 -96 64 -96 -96 -96 -96 64 -16 -96 -16 224 64 224 -16 -96 -16 -96 -16 -16 -16 -16 -96 -16 -16 224 -16 -96 -16 -96 64 -96 -16 224 -16 -16 -16 -96 -96 -16 -16 -96 -16 -16 64 -96 -96 224 -16 -16 224 -16 -16 -16 224 -16 -16 -16 -96 -96 -96 64 -16 -16 -96 -16 224 -16;
 -16 -16 -96 -16 -16 -96 224 -16 -16 224 -16 -16 64 -96 -96 -16 -16 -96 -96 -96 64 -16 -16 224 -16 -16 224 -96 -16 -16 -96 -96 64 64 64 384 -96 -96 64 -96 -96 64 64 -96 -96 -16 -16 -96 224 224 64 -16 -16 -96 -16 -16 -96 -96 -16 -16 -16 224 -16 -16 -16 -96 -96 -96 64 -16 -16 -96 -16 224 -16 -16 224 -16 -16 -16 -96 -96 -96 64 -16 -16 -96 -16 224 -16 -96 -16 -16 -96 -16 -16 64 -96 -96 224 -16 -16 224 -16 -16;
 -96 -16 -16 64 -96 -96 -96 -16 -16 -16 224 -16 -16 224 -16 -96 -16 -16 -96 -16 -16 64 -96 -96 224 -16 -16 224 -16 -16 64 -96 -96 64 -96 -96 384 64 64 64 -96 -96 64 -96 -96 -96 -16 -16 -96 -16 -16 64 -96 -96 224 -16 -16 224 -16 -16 -96 -16 -16 64 224 224 -96 -16 -16 -16 -96 -16 -16 -96 -16 -16 -16 224 -96 -16 -16 -16 224 -16 -96 64 -96 -16 -96 -16 -16 -16 224 -96 -16 -16 -16 224 -16 -96 64 -96 -16 -96 -16;
 -16 -16 -96 224 -16 -16 -16 -96 -16 -96 64 -96 -16 224 -16 -16 -16 -96 -16 224 -16 -96 64 -96 -16 -96 -16 -16 -16 224 -96 -96 64 -96 64 -96 64 384 64 -96 64 -96 -96 -96 64 -16 -16 224 -16 -96 -16 -96 64 -96 -16 224 -16 -16 -16 -96 -16 -96 -16 224 64 224 -16 -96 -16 -96 -16 -16 -16 -16 -96 -16 -96 -16 -16 -96 -16 224 -16 -16 64 -96 -96 224 -16 -16 224 -16 -16 -16 -16 -96 -16 -16 -96 -96 -96 64 -16 -16 224;
 -16 -96 -16 224 -16 -16 -16 -16 -96 -16 224 -16 -96 64 -96 -16 -96 -16 -16 -16 224 -96 -96 64 -16 -16 224 -16 -96 -16 -96 64 -96 -96 -96 64 64 64 384 -96 -96 64 -96 64 -96 -16 224 -16 -16 -16 -96 -96 -96 64 -16 -16 -96 -16 224 -16 -16 -16 -96 224 224 64 -16 -16 -96 -16 -16 -96 -96 -16 -16 224 -16 -16 -16 -16 -96 -16 -16 -96 -96 -96 64 -16 -16 224 -16 -96 -16 -16 -96 -16 224 -16 -16 64 -96 -96 224 -16 -16;
 -16 -96 -16 -96 64 -96 -16 224 -16 -96 -16 -16 -16 -16 224 -16 -96 -16 -16 -96 -16 224 -16 -16 64 -96 -96 224 -16 -16 -96 64 -96 -96 64 -96 64 -96 -96 384 64 64 64 -96 -96 -16 -96 -16 -16 -96 -16 224 -16 -16 64 -96 -96 224 -16 -16 -16 -16 224 -96 -16 -16 -16 224 -16 -96 64 -96 -16 -96 -16 -96 -16 -16 64 224 224 -96 -16 -16 -16 -96 -16 -16 -96 -16 -16 224 -16 -96 -16 -16 -16 -16 224 -16 -96 -16 -96 64 -96;
 -16 -16 -96 -16 224 -16 -96 64 -96 -16 -96 -16 -16 -16 224 -16 -16 -96 224 -16 -16 -16 -96 -16 -96 64 -96 -16 224 -16 -96 -96 64 64 -96 -96 -96 64 -96 64 384 64 -96 64 -96 -16 -16 224 -96 -16 -16 -16 224 -16 -96 64 -96 -16 -96 -16 -16 -96 -16 -16 -96 -16 224 -16 -16 64 -96 -96 224 -16 -16 -16 -96 -16 224 64 224 -16 -96 -16 -96 -16 -16 -16 -16 -96 224 -16 -16 -16 -96 -16 -16 -96 -16 -16 -16 224 -96 -96 64;
 -96 -16 -16 -16 224 -16 -16 224 -16 -16 -16 -96 -96 -96 64 -96 -16 -16 -16 -16 224 -16 -16 224 -96 -96 64 -16 -16 -96 64 -96 -96 -96 -96 64 -96 -96 64 64 64 384 -96 -96 64 224 -16 -16 -16 -16 -96 -16 -16 -96 -96 -96 64 -16 -16 224 224 -16 -16 -16 -16 -96 -16 -16 -96 -96 -96 64 -16 -16 224 -16 -16 -96 224 224 64 -16 -16 -96 -16 -16 -96 -96 -16 -16 -16 -16 -96 -16 -16 -96 224 -16 -16 224 -16 -16 64 -96 -96;
 -16 -16 -96 -96 -96 64 -16 -16 224 -16 -16 224 -96 -16 -16 -16 -16 -96 -16 -16 -96 224 -16 -16 224 -16 -16 64 -96 -96 -96 -96 64 -96 -96 64 64 -96 -96 64 -96 -96 384 64 64 -16 -16 -96 -16 -16 -96 224 -16 -16 224 -16 -16 64 -96 -96 -16 224 -16 -96 -16 -16 -16 -16 224 -16 -96 -16 -96 64 -96 -16 224 -16 -96 -16 -16 -16 -16 224 -16 -96 -16 -96 64 -96 -96 -16 -16 64 224 224 -96 -16 -16 -16 -96 -16 -16 -96 -16;
 -16 -96 -16 -16 -16 224 -96 -96 64 -16 -16 224 -16 -96 -16 -16 -96 -16 224 -16 -16 -16 -16 -96 -16 224 -16 -96 64 -96 -96 64 -96 64 -96 -96 -96 -96 64 -96 64 -96 64 384 64 -16 224 -16 -96 -16 -16 -16 -16 224 -16 -96 -16 -96 64 -96 -16 -16 -96 -16 -16 -96 224 -16 -16 224 -16 -16 64 -96 -96 224 -16 -16 -16 -96 -16 -16 -96 -16 -16 -16 224 -96 -96 64 -16 -96 -16 224 64 224 -16 -96 -16 -96 -16 -16 -16 -16 -96;
 -96 -16 -16 -16 -16 224 -16 -16 224 -96 -96 64 -16 -16 -96 -96 -16 -16 -16 224 -16 -16 224 -16 -16 -16 -96 -96 -96 64 64 -96 -96 -96 64 -96 -96 64 -96 -96 -96 64 64 64 384 224 -16 -16 -16 -96 -16 -16 -96 -16 -16 -16 224 -96 -96 64 224 -16 -16 -16 -96 -16 -16 -96 -16 -16 -16 224 -96 -96 64 -16 -16 -96 -16 -16 -96 224 -16 -16 224 -16 -16 64 -96 -96 -16 -16 -96 224 224 64 -16 -16 -96 -16 -16 -96 -96 -16 -16;
 -96 -16 -16 64 224 224 -96 -16 -16 -16 -96 -16 -16 -96 -16 -96 -16 -16 64 224 224 -96 -16 -16 -16 -96 -16 -16 -96 -16 64 -96 -96 -96 -16 -16 -96 -16 -16 -16 -16 224 -16 -16 224 384 64 64 64 -96 -96 64 -96 -96 -96 -96 64 -96 -96 64 64 -96 -96 -96 -16 -16 -96 -16 -16 -16 -16 224 -16 -16 224 -96 64 -96 -16 224 -16 -16 -16 -96 224 -16 -16 -16 -96 -16 -96 64 -96 -16 224 -16 -16 -16 -96 224 -16 -16 -16 -96 -16;
 -16 -96 -16 224 64 224 -16 -96 -16 -96 -16 -16 -16 -16 -96 -16 -96 -16 224 64 224 -16 -96 -16 -96 -16 -16 -16 -16 -96 -96 64 -96 -16 -96 -16 -16 -16 224 -96 -16 -16 -16 224 -16 64 384 64 -96 64 -96 -96 -96 64 64 -96 -96 -96 64 -96 -96 64 -96 -16 224 -16 -16 -16 -96 224 -16 -16 -16 -96 -16 64 -96 -96 -96 -16 -16 -96 -16 -16 -16 -16 224 -16 -16 224 -96 -96 64 -16 -16 224 -16 -96 -16 -16 -96 -16 224 -16 -16;
 -16 -16 -96 224 224 64 -16 -16 -96 -16 -16 -96 -96 -16 -16 -16 -16 -96 224 224 64 -16 -16 -96 -16 -16 -96 -96 -16 -16 -96 -96 64 -16 -16 -96 -16 224 -16 -16 224 -16 -96 -16 -16 64 64 384 -96 -96 64 -96 64 -96 -96 64 -96 64 -96 -96 -96 -96 64 -16 -16 224 -16 -96 -16 -16 -96 -16 224 -16 -16 -96 -96 64 -16 -16 224 -16 -96 -16 -16 -96 -16 224 -16 -16 64 -96 -96 -96 -16 -16 -96 -16 -16 -16 -16 224 -16 -16 224;
 -96 -16 -16 -96 -16 -16 64 -96 -96 224 -16 -16 224 -16 -16 64 -96 -96 -96 -16 -16 -96 -16 -16 -16 -16 224 -16 -16 224 -96 -16 -16 64 224 224 -96 -16 -16 -16 -96 -16 -16 -96 -16 64 -96 -96 384 64 64 64 -96 -96 -96 64 -96 -96 64 -96 -96 -16 -16 64 -96 -96 -96 -16 -16 -16 224 -16 -16 224 -16 -16 224 -16 -96 64 -96 -16 -96 -16 224 -16 -16 -16 -16 -96 -16 224 -16 -96 64 -96 -16 -96 -16 224 -16 -16 -16 -16 -96;
 -16 -96 -16 -16 -96 -16 224 -16 -16 64 -96 -96 224 -16 -16 -96 64 -96 -16 -96 -16 -16 -16 224 -96 -16 -16 -16 224 -16 -16 -96 -16 224 64 224 -16 -96 -16 -96 -16 -16 -16 -16 -96 -96 64 -96 64 384 64 -96 64 -96 64 -96 -96 -96 -96 64 -16 224 -16 -96 64 -96 -16 -96 -16 224 -16 -16 -16 -16 -96 -96 -16 -16 64 -96 -96 -96 -16 -16 -16 224 -16 -16 224 -16 -16 -16 224 -96 -96 64 -16 -16 -96 -16 -16 -96 224 -16 -16;
 -16 -16 -96 -16 -16 -96 224 -16 -16 224 -16 -16 64 -96 -96 -96 -96 64 -16 -16 -96 -16 224 -16 -16 224 -16 -96 -16 -16 -16 -16 -96 224 224 64 -16 -16 -96 -16 -16 -96 -96 -16 -16 -96 -96 64 64 64 384 -96 -96 64 -96 -96 64 64 -96 -96 -16 -16 224 -96 -96 64 -16 -16 -96 -16 -16 -96 224 -16 -16 -16 -16 224 -96 -96 64 -16 -16 -96 -16 -16 -96 224 -16 -16 -96 -16 -16 64 -96 -96 -96 -16 -16 -16 224 -16 -16 224 -16;
 64 -96 -96 -96 -16 -16 -96 -16 -16 -16 -16 224 -16 -16 224 -96 -16 -16 -96 -16 -16 64 -96 -96 224 -16 -16 224 -16 -16 -96 -16 -16 -96 -16 -16 64 -96 -96 224 -16 -16 224 -16 -16 64 -96 -96 64 -96 -96 384 64 64 64 -96 -96 64 -96 -96 -96 -16 -16 -96 -16 -16 64 224 224 -96 -16 -16 -96 -16 -16 -16 224 -16 -16 224 -16 -96 -16 -16 64 -96 -96 -96 -16 -16 -16 224 -16 -16 224 -16 -96 -16 -16 64 -96 -96 -96 -16 -16;
 224 -16 -16 -16 -16 -96 -16 -16 -96 -96 -96 64 -16 -16 224 -16 224 -16 -16 -16 -96 -96 -96 64 -16 -16 -96 -16 224 -16 -16 -16 224 -16 -96 -16 -96 64 -96 -16 224 -16 -16 -16 -96 -96 -96 64 -96 64 -96 64 384 64 -96 64 -96 -96 -96 64 -16 -16 -96 -16 -96 -16 224 64 224 -16 -96 -16 -16 -16 -96 -16 -16 -96 224 -16 -16 -16 -96 -16 -96 64 -96 -16 224 -16 224 -16 -16 -16 -16 -96 -16 -16 -96 -96 -96 64 -16 -16 224;
 224 -16 -16 -16 -96 -16 -16 -96 -16 -16 -16 224 -96 -96 64 -16 -16 224 -16 -96 -16 -96 64 -96 -16 224 -16 -16 -16 -96 -16 224 -16 -16 -16 -96 -96 -96 64 -16 -16 -96 -16 224 -16 -96 64 -96 -96 -96 64 64 64 384 -96 -96 64 -96 64 -96 -16 -96 -16 -16 -16 -96 224 224 64 -16 -16 -96 -16 -96 -16 224 -16 -16 -16 -16 -96 -16 -16 -96 -96 -96 64 -16 -16 224 -16 -16 -96 224 -16 -16 -16 -96 -16 -96 64 -96 -16 224 -16;
 -96 64 -96 -16 -96 -16 -16 -16 224 -96 -16 -16 -16 224 -16 -16 -96 -16 -16 -96 -16 224 -16 -16 64 -96 -96 224 -16 -16 -16 -96 -16 -16 -96 -16 224 -16 -16 64 -96 -96 224 -16 -16 -96 64 -96 -96 64 -96 64 -96 -96 384 64 64 64 -96 -96 -16 224 -16 -16 224 -16 -96 -16 -16 64 -96 -96 -96 -16 -16 -96 -16 -16 -96 -16 -16 64 224 224 -96 -16 -16 -96 -16 -16 -16 -16 224 -16 -16 224 -96 -16 -16 -96 -16 -16 64 -96 -96;
 -16 224 -16 -16 -16 -96 -96 -96 64 -16 -16 -96 -16 224 -16 224 -16 -16 -16 -16 -96 -16 -16 -96 -96 -96 64 -16 -16 224 -16 -16 224 -96 -16 -16 -16 224 -16 -96 64 -96 -16 -96 -16 -96 -96 64 64 -96 -96 -96 64 -96 64 384 64 -96 64 -96 -16 -16 -96 224 -16 -16 -16 -96 -16 -96 64 -96 -16 224 -16 -16 -16 -96 -16 -96 -16 224 64 224 -16 -96 -16 -16 -16 -96 224 -16 -16 -16 -96 -16 -16 -96 -16 -16 -16 224 -96 -96 64;
 -16 224 -16 -96 -16 -16 -16 -16 224 -16 -96 -16 -96 64 -96 -16 -16 224 -96 -16 -16 -16 224 -16 -96 64 -96 -16 -96 -16 224 -16 -16 -16 -16 -96 -16 -16 -96 -96 -96 64 -16 -16 224 64 -96 -96 -96 -96 64 -96 -96 64 64 64 384 -96 -96 64 224 -16 -16 -16 -16 -96 -16 -16 -96 -96 -96 64 -16 -16 224 -16 -96 -16 -16 -16 -96 224 224 64 -16 -16 -96 -16 -96 -16 -16 -96 -16 224 -16 -16 -16 -16 -96 -16 224 -16 -96 64 -96;
 -96 -96 64 -16 -16 -96 -16 224 -16 -16 224 -16 -96 -16 -16 -16 -16 -96 -16 -16 -96 224 -16 -16 224 -16 -16 64 -96 -96 -16 -16 -96 -16 -16 -96 224 -16 -16 224 -16 -16 64 -96 -96 -96 -96 64 -96 -96 64 64 -96 -96 64 -96 -96 384 64 64 -16 -16 224 -16 -16 224 -96 -16 -16 -96 -16 -16 64 -96 -96 -16 -16 224 -16 -16 224 -96 -16 -16 -96 -16 -16 64 -96 -96 -96 -16 -16 -96 -16 -16 64 224 224 -96 -16 -16 -96 -16 -16;
 -16 -16 224 -16 -96 -16 -96 64 -96 -16 224 -16 -16 -16 -96 224 -16 -16 -16 -96 -16 -16 -96 -16 -16 -16 224 -96 -96 64 -16 224 -16 -96 -16 -16 -16 -16 224 -16 -96 -16 -96 64 -96 -96 64 -96 64 -96 -96 -96 -96 64 -96 64 -96 64 384 64 -16 -96 -16 224 -16 -16 -16 -16 -96 -16 224 -16 -96 64 -96 224 -16 -16 -16 -96 -16 -16 -96 -16 -16 -16 224 -96 -96 64 -16 -16 -96 -16 -96 -16 224 64 224 -16 -96 -16 -16 -16 -96;
 -16 -16 224 -96 -16 -16 -16 224 -16 -96 64 -96 -16 -96 -16 -16 224 -16 -96 -16 -16 -16 -16 224 -16 -96 -16 -96 64 -96 224 -16 -16 -16 -96 -16 -16 -96 -16 -16 -16 224 -96 -96 64 64 -96 -96 -96 64 -96 -96 64 -96 -96 -96 64 64 64 384 224 -16 -16 -16 -96 -16 -16 -96 -16 -16 -16 224 -96 -96 64 -16 -96 -16 224 -16 -16 -16 -16 -96 -16 224 -16 -96 64 -96 -16 -96 -16 -16 -16 -96 224 224 64 -16 -16 -96 -16 -96 -16;
 -96 -16 -16 -96 -16 -16 64 224 224 -96 -16 -16 -96 -16 -16 -96 -16 -16 -96 -16 -16 64 224 224 -96 -16 -16 -96 -16 -16 64 -96 -96 -96 -16 -16 -96 -16 -16 -16 -16 224 -16 -16 224 64 -96 -96 -96 -16 -16 -96 -16 -16 -16 -16 224 -16 -16 224 384 64 64 64 -96 -96 64 -96 -96 -96 -96 64 -96 -96 64 64 -96 -96 224 -16 -16 224 -16 -16 -16 -16 -96 -16 -16 -96 64 -96 -96 224 -16 -16 224 -16 -16 -16 -16 -96 -16 -16 -96;
 -16 -16 -96 -16 -96 -16 224 64 224 -16 -96 -16 -16 -16 -96 -16 -16 -96 -16 -96 -16 224 64 224 -16 -96 -16 -16 -16 -96 -96 -96 64 -16 -16 224 -16 -96 -16 -16 -96 -16 224 -16 -16 -96 64 -96 -16 224 -16 -16 -16 -96 224 -16 -16 -16 -96 -16 64 384 64 -96 64 -96 -96 -96 64 64 -96 -96 -96 64 -96 -96 64 -96 -16 -96 -16 -16 -16 224 -96 -16 -16 -16 224 -16 -96 -96 64 -16 -16 224 -16 -96 -16 -16 -96 -16 224 -16 -16;
 -16 -96 -16 -16 -16 -96 224 224 64 -16 -16 -96 -16 -96 -16 -16 -96 -16 -16 -16 -96 224 224 64 -16 -16 -96 -16 -96 -16 -96 64 -96 -16 224 -16 -16 -16 -96 224 -16 -16 -16 -96 -16 -96 -96 64 -16 -16 224 -16 -96 -16 -16 -96 -16 224 -16 -16 64 64 384 -96 -96 64 -96 64 -96 -96 64 -96 64 -96 -96 -96 -96 64 -16 -16 224 -16 -96 -16 -16 -96 -16 224 -16 -16 -96 64 -96 -16 -96 -16 -16 -16 224 -96 -16 -16 -16 224 -16;
 -96 -16 -16 64 -96 -96 -96 -16 -16 -16 224 -16 -16 224 -16 64 -96 -96 -96 -16 -16 -96 -16 -16 -16 -16 224 -16 -16 224 -96 -16 -16 -96 -16 -16 64 224 224 -96 -16 -16 -96 -16 -16 -96 -16 -16 64 -96 -96 -96 -16 -16 -16 224 -16 -16 224 -16 64 -96 -96 384 64 64 64 -96 -96 -96 64 -96 -96 64 -96 224 -16 -16 64 -96 -96 224 -16 -16 -16 -96 -16 -16 -96 -16 224 -16 -16 64 -96 -96 224 -16 -16 -16 -96 -16 -16 -96 -16;
 -16 -16 -96 224 -16 -16 -16 -96 -16 -96 64 -96 -16 224 -16 -96 -96 64 -16 -16 224 -16 -96 -16 -16 -96 -16 224 -16 -16 -16 -16 -96 -16 -96 -16 224 64 224 -16 -96 -16 -16 -16 -96 -16 224 -16 -96 64 -96 -16 -96 -16 224 -16 -16 -16 -16 -96 -96 64 -96 64 384 64 -96 64 -96 64 -96 -96 -96 -96 64 -16 -96 -16 -96 64 -96 -16 224 -16 -96 -16 -16 -16 -16 224 -16 -16 224 -96 -96 64 -16 -16 -96 -16 -16 -96 224 -16 -16;
 -16 -96 -16 224 -16 -16 -16 -16 -96 -16 224 -16 -96 64 -96 -96 64 -96 -16 224 -16 -16 -16 -96 224 -16 -16 -16 -96 -16 -16 -96 -16 -16 -16 -96 224 224 64 -16 -16 -96 -16 -96 -16 -16 -16 224 -96 -96 64 -16 -16 -96 -16 -16 -96 224 -16 -16 -96 -96 64 64 64 384 -96 -96 64 -96 -96 64 64 -96 -96 -16 -16 224 -96 -96 64 -16 -16 -96 -16 -16 -96 224 -16 -16 -16 -96 -16 -96 64 -96 -16 224 -16 -96 -16 -16 -16 -16 224;
 64 -96 -96 -96 -16 -16 -96 -16 -16 -16 -16 224 -16 -16 224 -96 -16 -16 64 -96 -96 -96 -16 -16 -16 224 -16 -16 224 -16 -96 -16 -16 64 -96 -96 -96 -16 -16 -16 224 -16 -16 224 -16 -96 -16 -16 -96 -16 -16 64 224 224 -96 -16 -16 -96 -16 -16 64 -96 -96 64 -96 -96 384 64 64 64 -96 -96 64 -96 -96 224 -16 -16 224 -16 -16 64 -96 -96 -96 -16 -16 -96 -16 -16 224 -16 -16 224 -16 -16 64 -96 -96 -96 -16 -16 -96 -16 -16;
 224 -16 -16 -16 -16 -96 -16 -16 -96 -96 -96 64 -16 -16 224 -16 -16 224 -96 -96 64 -16 -16 -96 -16 -16 -96 224 -16 -16 -16 224 -16 -96 64 -96 -16 -96 -16 224 -16 -16 -16 -16 -96 -16 -16 -96 -16 -96 -16 224 64 224 -16 -96 -16 -16 -16 -96 -96 -96 64 -96 64 -96 64 384 64 -96 64 -96 -96 -96 64 -16 -16 -96 -16 224 -16 -96 64 -96 -16 -96 -16 -16 -16 224 -16 224 -16 -16 -16 -96 -96 -96 64 -16 -16 -96 -16 224 -16;
 224 -16 -16 -16 -96 -16 -16 -96 -16 -16 -16 224 -96 -96 64 -16 224 -16 -96 64 -96 -16 -96 -16 224 -16 -16 -16 -16 -96 -16 -16 224 -96 -96 64 -16 -16 -96 -16 -16 -96 224 -16 -16 -16 -96 -16 -16 -16 -96 224 224 64 -16 -16 -96 -16 -96 -16 -96 64 -96 -96 -96 64 64 64 384 -96 -96 64 -96 64 -96 -16 224 -16 -16 -16 -96 -96 -96 64 -16 -16 -96 -16 224 -16 -16 -16 -96 -16 224 -16 -96 64 -96 -16 -96 -16 -16 -16 224;
 -96 -96 64 -16 -16 224 -16 -96 -16 -16 -96 -16 224 -16 -16 -16 -16 -96 224 -16 -16 -16 -96 -16 -96 64 -96 -16 224 -16 -16 -16 -96 224 -16 -16 -16 -96 -16 -96 64 -96 -16 224 -16 -16 224 -16 -16 224 -16 -96 -16 -16 64 -96 -96 -96 -16 -16 -96 64 -96 -96 64 -96 64 -96 -96 384 64 64 64 -96 -96 -16 -96 -16 -16 -96 -16 -96 -16 -16 64 224 224 -96 -16 -16 -16 -16 224 -16 -16 224 -96 -16 -16 -96 -16 -16 64 -96 -96;
 -16 -16 224 -96 -96 64 -16 -16 -96 -16 -16 -96 224 -16 -16 224 -16 -16 -16 -16 -96 -16 -16 -96 -96 -96 64 -16 -16 224 -16 224 -16 -16 224 -16 -96 -16 -16 64 -96 -96 -96 -16 -16 -16 -16 -96 224 -16 -16 -16 -96 -16 -96 64 -96 -16 224 -16 -96 -96 64 64 -96 -96 -96 64 -96 64 384 64 -96 64 -96 -16 -16 -96 -96 -16 -16 -16 -96 -16 224 64 224 -16 -96 -16 -16 224 -16 -96 -16 -16 -16 -16 224 -16 -96 -16 -96 64 -96;
 -16 -16 224 -16 -16 224 -96 -16 -16 -96 -16 -16 64 -96 -96 -16 224 -16 -16 224 -16 -96 -16 -16 64 -96 -96 -96 -16 -16 224 -16 -16 -16 -16 -96 -16 -16 -96 -96 -96 64 -16 -16 224 224 -16 -16 -16 -16 -96 -16 -16 -96 -96 -96 64 -16 -16 224 64 -96 -96 -96 -96 64 -96 -96 64 64 64 384 -96 -96 64 -96 -16 -16 -16 -16 -96 -16 -16 -96 224 224 64 -16 -16 -96 -96 -16 -16 -16 224 -16 -16 224 -16 -16 -16 -96 -96 -96 64;
 -96 64 -96 -16 224 -16 -16 -16 -96 224 -16 -16 -16 -96 -16 -16 -96 -16 224 -16 -16 -16 -16 -96 -16 224 -16 -96 64 -96 -16 -96 -16 224 -16 -16 -16 -16 -96 -16 224 -16 -96 64 -96 -16 -16 224 -16 -16 224 -96 -16 -16 -96 -16 -16 64 -96 -96 -96 -96 64 -96 -96 64 64 -96 -96 64 -96 -96 384 64 64 -16 -16 224 -16 -16 224 -96 -16 -16 -96 -16 -16 64 -96 -96 -16 -96 -16 -16 -96 -16 -96 -16 -16 64 224 224 -96 -16 -16;
 -16 224 -16 -96 64 -96 -16 -96 -16 224 -16 -16 -16 -16 -96 224 -16 -16 -16 -96 -16 -16 -96 -16 -16 -16 224 -96 -96 64 -16 -16 224 -16 -16 224 -96 -16 -16 -96 -16 -16 64 -96 -96 -16 -96 -16 224 -16 -16 -16 -16 -96 -16 224 -16 -96 64 -96 -96 64 -96 64 -96 -96 -96 -96 64 -96 64 -96 64 384 64 -16 224 -16 -96 -16 -16 -16 -16 224 -16 -96 -16 -96 64 -96 -16 -16 -96 -96 -16 -16 -16 -96 -16 224 64 224 -16 -96 -16;
 -16 224 -16 -16 224 -16 -96 -16 -16 64 -96 -96 -96 -16 -16 -16 -16 224 -16 -16 224 -96 -16 -16 -96 -16 -16 64 -96 -96 224 -16 -16 -16 -96 -16 -16 -96 -16 -16 -16 224 -96 -96 64 224 -16 -16 -16 -96 -16 -16 -96 -16 -16 -16 224 -96 -96 64 64 -96 -96 -96 64 -96 -96 64 -96 -96 -96 64 64 64 384 -96 -16 -16 -16 224 -16 -16 224 -16 -16 -16 -96 -96 -96 64 -96 -16 -16 -16 -16 -96 -16 -16 -96 224 224 64 -16 -16 -96;
 -16 -96 -16 -16 -96 -16 -96 -16 -16 64 224 224 -96 -16 -16 -16 -96 -16 -16 -96 -16 -96 -16 -16 64 224 224 -96 -16 -16 -96 64 -96 -16 -96 -16 -16 -16 224 -96 -16 -16 -16 224 -16 -96 64 -96 -16 -96 -16 -16 -16 224 -96 -16 -16 -16 224 -16 64 -96 -96 224 -16 -16 224 -16 -16 -16 -16 -96 -16 -16 -96 384 64 64 64 -96 -96 64 -96 -96 -96 -96 64 -96 -96 64 64 -96 -96 224 -16 -16 224 -16 -16 -16 -16 -96 -16 -16 -96;
 -16 -16 -96 -96 -16 -16 -16 -96 -16 224 64 224 -16 -96 -16 -16 -16 -96 -96 -16 -16 -16 -96 -16 224 64 224 -16 -96 -16 -96 -96 64 -16 -16 224 -16 -96 -16 -16 -96 -16 224 -16 -16 64 -96 -96 224 -16 -16 224 -16 -16 -16 -16 -96 -16 -16 -96 -96 64 -96 -16 -96 -16 -16 -16 224 -96 -16 -16 -16 224 -16 64 384 64 -96 64 -96 -96 -96 64 64 -96 -96 -96 64 -96 -96 64 -96 -16 224 -16 -16 -16 -96 224 -16 -16 -16 -96 -16;
 -96 -16 -16 -16 -16 -96 -16 -16 -96 224 224 64 -16 -16 -96 -96 -16 -16 -16 -16 -96 -16 -16 -96 224 224 64 -16 -16 -96 64 -96 -96 224 -16 -16 224 -16 -16 -16 -16 -96 -16 -16 -96 -96 -96 64 -16 -16 224 -16 -96 -16 -16 -96 -16 224 -16 -16 -96 -96 64 -16 -16 224 -16 -96 -16 -16 -96 -16 224 -16 -16 64 64 384 -96 -96 64 -96 64 -96 -96 64 -96 64 -96 -96 -96 -96 64 -16 -16 -96 -16 224 -16 -16 224 -16 -96 -16 -16;
 -16 -96 -16 -96 64 -96 -16 224 -16 -96 -16 -16 -16 -16 224 -96 64 -96 -16 -96 -16 -16 -16 224 -96 -16 -16 -16 224 -16 -16 -96 -16 -16 -96 -16 -96 -16 -16 64 224 224 -96 -16 -16 -16 -96 -16 -96 64 -96 -16 224 -16 -96 -16 -16 -16 -16 224 224 -16 -16 64 -96 -96 224 -16 -16 -16 -96 -16 -16 -96 -16 64 -96 -96 384 64 64 64 -96 -96 -96 64 -96 -96 64 -96 224 -16 -16 64 -96 -96 224 -16 -16 -16 -96 -16 -16 -96 -16;
 -16 -16 -96 -16 224 -16 -96 64 -96 -16 -96 -16 -16 -16 224 -96 -96 64 -16 -16 224 -16 -96 -16 -16 -96 -16 224 -16 -16 -16 -16 -96 -96 -16 -16 -16 -96 -16 224 64 224 -16 -96 -16 224 -16 -16 64 -96 -96 224 -16 -16 -16 -96 -16 -16 -96 -16 -16 -96 -16 -96 64 -96 -16 224 -16 -96 -16 -16 -16 -16 224 -96 64 -96 64 384 64 -96 64 -96 64 -96 -96 -96 -96 64 -16 224 -16 -96 64 -96 -16 -96 -16 224 -16 -16 -16 -16 -96;
 -96 -16 -16 -16 224 -16 -16 224 -16 -16 -16 -96 -96 -96 64 64 -96 -96 224 -16 -16 224 -16 -16 -16 -16 -96 -16 -16 -96 -96 -16 -16 -16 -16 -96 -16 -16 -96 224 224 64 -16 -16 -96 -16 -16 224 -96 -96 64 -16 -16 -96 -16 -16 -96 224 -16 -16 -16 -16 224 -96 -96 64 -16 -16 -96 -16 -16 -96 224 -16 -16 -96 -96 64 64 64 384 -96 -96 64 -96 -96 64 64 -96 -96 -16 -16 -96 -96 -96 64 -16 -16 224 -16 -16 224 -96 -16 -16;
 -96 64 -96 -16 -96 -16 -16 -16 224 -96 -16 -16 -16 224 -16 -16 -96 -16 -96 64 -96 -16 224 -16 -96 -16 -16 -16 -16 224 -16 -96 -16 -96 64 -96 -16 224 -16 -96 -16 -16 -16 -16 224 -16 -96 -16 -16 -96 -16 -96 -16 -16 64 224 224 -96 -16 -16 224 -16 -16 224 -16 -16 64 -96 -96 -96 -16 -16 -96 -16 -16 64 -96 -96 64 -96 -96 384 64 64 64 -96 -96 64 -96 -96 224 -16 -16 224 -16 -16 64 -96 -96 -96 -16 -16 -96 -16 -16;
 -16 224 -16 -16 -16 -96 -96 -96 64 -16 -16 -96 -16 224 -16 -16 -16 224 -96 -96 64 -16 -16 -96 -16 -16 -96 224 -16 -16 224 -16 -16 64 -96 -96 224 -16 -16 -16 -96 -16 -16 -96 -16 -16 -16 -96 -96 -16 -16 -16 -96 -16 224 64 224 -16 -96 -16 -16 -16 -96 -16 224 -16 -96 64 -96 -16 -96 -16 -16 -16 224 -96 -96 64 -96 64 -96 64 384 64 -96 64 -96 -96 -96 64 -16 -16 224 -16 -96 -16 -96 64 -96 -16 224 -16 -16 -16 -96;
 -16 224 -16 -96 -16 -16 -16 -16 224 -16 -96 -16 -96 64 -96 224 -16 -16 64 -96 -96 224 -16 -16 -16 -96 -16 -16 -96 -16 -16 -16 224 -96 -96 64 -16 -16 -96 -16 -16 -96 224 -16 -16 -96 -16 -16 -16 -16 -96 -16 -16 -96 224 224 64 -16 -16 -96 -16 224 -16 -16 -16 -96 -96 -96 64 -16 -16 -96 -16 224 -16 -96 64 -96 -96 -96 64 64 64 384 -96 -96 64 -96 64 -96 -16 -96 -16 -16 -16 224 -96 -96 64 -16 -16 224 -16 -96 -16;
 -96 -96 64 -16 -16 224 -16 -96 -16 -16 -96 -16 224 -16 -16 -16 -16 -96 -16 224 -16 -96 64 -96 -16 -96 -16 -16 -16 224 -16 -16 -96 -16 224 -16 -96 64 -96 -16 -96 -16 -16 -16 224 224 -16 -16 224 -16 -16 64 -96 -96 -96 -16 -16 -96 -16 -16 -16 -96 -16 -16 -96 -16 -96 -16 -16 64 224 224 -96 -16 -16 -96 64 -96 -96 64 -96 64 -96 -96 384 64 64 64 -96 -96 -16 224 -16 -16 224 -16 -96 -16 -16 64 -96 -96 -96 -16 -16;
 -16 -16 224 -96 -96 64 -16 -16 -96 -16 -16 -96 224 -16 -16 -16 224 -16 -16 -16 -96 -96 -96 64 -16 -16 -96 -16 224 -16 224 -16 -16 224 -16 -16 64 -96 -96 -96 -16 -16 -96 -16 -16 -16 -16 -96 -16 224 -16 -96 64 -96 -16 -96 -16 -16 -16 224 -16 -16 -96 -96 -16 -16 -16 -96 -16 224 64 224 -16 -96 -16 -96 -96 64 64 -96 -96 -96 64 -96 64 384 64 -96 64 -96 -16 -16 224 -96 -16 -16 -16 224 -16 -96 64 -96 -16 -96 -16;
 -16 -16 224 -16 -16 224 -96 -16 -16 -96 -16 -16 64 -96 -96 224 -16 -16 224 -16 -16 64 -96 -96 -96 -16 -16 -96 -16 -16 -16 224 -16 -16 -16 -96 -96 -96 64 -16 -16 -96 -16 224 -16 -16 224 -16 -16 -16 -96 -96 -96 64 -16 -16 -96 -16 224 -16 -96 -16 -16 -16 -16 -96 -16 -16 -96 224 224 64 -16 -16 -96 64 -96 -96 -96 -96 64 -96 -96 64 64 64 384 -96 -96 64 -96 -16 -16 -16 -16 224 -16 -16 224 -96 -96 64 -16 -16 -96;
 64 -96 -96 224 -16 -16 224 -16 -16 -16 -16 -96 -16 -16 -96 -96 -16 -16 -16 224 -16 -16 224 -16 -16 -16 -96 -96 -96 64 -96 -16 -16 -16 224 -16 -16 224 -16 -16 -16 -96 -96 -96 64 -16 -16 224 -16 -16 224 -96 -16 -16 -96 -16 -16 64 -96 -96 -16 -16 224 -16 -16 224 -96 -16 -16 -96 -16 -16 64 -96 -96 -96 -96 64 -96 -96 64 64 -96 -96 64 -96 -96 384 64 64 -16 -16 -96 -16 -16 -96 -96 -16 -16 -96 -16 -16 64 224 224;
 224 -16 -16 64 -96 -96 224 -16 -16 -16 -96 -16 -16 -96 -16 -16 224 -16 -96 -16 -16 -16 -16 224 -16 -96 -16 -96 64 -96 -16 -16 224 -16 -16 224 -96 -16 -16 -96 -16 -16 64 -96 -96 -96 -16 -16 -16 224 -16 -16 224 -16 -16 -16 -96 -96 -96 64 -16 224 -16 -96 -16 -16 -16 -16 224 -16 -96 -16 -96 64 -96 -96 64 -96 64 -96 -96 -96 -96 64 -96 64 -96 64 384 64 -16 -96 -16 -96 -16 -16 -16 -16 -96 -16 -96 -16 224 64 224;
 224 -16 -16 224 -16 -16 64 -96 -96 -96 -16 -16 -96 -16 -16 -16 -16 224 -16 -16 224 -96 -16 -16 -96 -16 -16 64 -96 -96 -16 224 -16 -96 -16 -16 -16 -16 224 -16 -96 -16 -96 64 -96 -16 224 -16 -96 -16 -16 -16 -16 224 -16 -96 -16 -96 64 -96 -96 -16 -16 -16 224 -16 -16 224 -16 -16 -16 -96 -96 -96 64 64 -96 -96 -96 64 -96 -96 64 -96 -96 -96 64 64 64 384 -96 -16 -16 -16 -96 -16 -16 -96 -16 -16 -16 -96 224 224 64;
 -16 -16 -96 -16 -16 -96 -96 -16 -16 -96 -16 -16 64 224 224 -16 -16 -96 -16 -16 -96 -96 -16 -16 -96 -16 -16 64 224 224 -96 -96 64 -16 -16 -96 -16 224 -16 -16 224 -16 -96 -16 -16 -96 -96 64 -16 -16 -96 -16 224 -16 -16 224 -16 -96 -16 -16 64 -96 -96 224 -16 -16 224 -16 -16 -16 -16 -96 -16 -16 -96 64 -96 -96 224 -16 -16 224 -16 -16 -16 -16 -96 -16 -16 -96 384 64 64 64 -96 -96 64 -96 -96 -96 -96 64 -96 -96 64;
 -16 -96 -16 -96 -16 -16 -16 -16 -96 -16 -96 -16 224 64 224 -16 -96 -16 -96 -16 -16 -16 -16 -96 -16 -96 -16 224 64 224 -96 64 -96 -16 224 -16 -16 -16 -96 224 -16 -16 -16 -96 -16 64 -96 -96 224 -16 -16 224 -16 -16 -16 -16 -96 -16 -16 -96 -96 -96 64 -16 -16 -96 -16 224 -16 -16 224 -16 -96 -16 -16 -96 64 -96 -16 224 -16 -16 -16 -96 224 -16 -16 -16 -96 -16 64 384 64 -96 64 -96 -96 -96 64 64 -96 -96 -96 64 -96;
 -96 -16 -16 -16 -96 -16 -16 -96 -16 -16 -16 -96 224 224 64 -96 -16 -16 -16 -96 -16 -16 -96 -16 -16 -16 -96 224 224 64 64 -96 -96 224 -16 -16 224 -16 -16 -16 -16 -96 -16 -16 -96 -96 64 -96 -16 224 -16 -16 -16 -96 224 -16 -16 -16 -96 -16 -96 64 -96 -16 224 -16 -16 -16 -96 224 -16 -16 -16 -96 -16 -96 -96 64 -16 -16 -96 -16 224 -16 -16 224 -16 -96 -16 -16 64 64 384 -96 -96 64 -96 64 -96 -96 64 -96 64 -96 -96;
 -16 -16 -96 -96 -96 64 -16 -16 224 -16 -16 224 -96 -16 -16 -96 -96 64 -16 -16 -96 -16 224 -16 -16 224 -16 -96 -16 -16 -16 -16 -96 -16 -16 -96 -96 -16 -16 -96 -16 -16 64 224 224 -16 -16 -96 -96 -96 64 -16 -16 224 -16 -16 224 -96 -16 -16 224 -16 -16 64 -96 -96 224 -16 -16 -16 -96 -16 -16 -96 -16 224 -16 -16 64 -96 -96 224 -16 -16 -16 -96 -16 -16 -96 -16 64 -96 -96 384 64 64 64 -96 -96 -96 64 -96 -96 64 -96;
 -16 -96 -16 -16 -16 224 -96 -96 64 -16 -16 224 -16 -96 -16 -96 64 -96 -16 224 -16 -16 -16 -96 224 -16 -16 -16 -96 -16 -16 -96 -16 -96 -16 -16 -16 -16 -96 -16 -96 -16 224 64 224 224 -16 -16 64 -96 -96 224 -16 -16 -16 -96 -16 -16 -96 -16 -16 -16 -96 -96 -96 64 -16 -16 224 -16 -16 224 -96 -16 -16 -16 224 -16 -96 64 -96 -16 -96 -16 224 -16 -16 -16 -16 -96 -96 64 -96 64 384 64 -96 64 -96 64 -96 -96 -96 -96 64;
 -96 -16 -16 -16 -16 224 -16 -16 224 -96 -96 64 -16 -16 -96 64 -96 -96 224 -16 -16 224 -16 -16 -16 -16 -96 -16 -16 -96 -96 -16 -16 -16 -96 -16 -16 -96 -16 -16 -16 -96 224 224 64 -16 224 -16 -96 64 -96 -16 -96 -16 224 -16 -16 -16 -16 -96 -16 224 -16 -96 64 -96 -16 -96 -16 224 -16 -16 -16 -16 -96 -16 -16 -96 -96 -96 64 -16 -16 224 -16 -16 224 -96 -16 -16 -96 -96 64 64 64 384 -96 -96 64 -96 -96 64 64 -96 -96;
 -96 -96 64 -16 -16 -96 -16 224 -16 -16 224 -16 -96 -16 -16 -16 -16 -96 -96 -96 64 -16 -16 224 -16 -16 224 -96 -16 -16 -16 -16 -96 -96 -96 64 -16 -16 224 -16 -16 224 -96 -16 -16 -16 -16 -96 -16 -16 -96 -96 -16 -16 -96 -16 -16 64 224 224 224 -16 -16 224 -16 -16 64 -96 -96 -96 -16 -16 -96 -16 -16 224 -16 -16 224 -16 -16 64 -96 -96 -96 -16 -16 -96 -16 -16 64 -96 -96 64 -96 -96 384 64 64 64 -96 -96 64 -96 -96;
 -16 -16 224 -16 -96 -16 -96 64 -96 -16 224 -16 -16 -16 -96 -16 224 -16 -96 64 -96 -16 -96 -16 224 -16 -16 -16 -16 -96 224 -16 -16 64 -96 -96 224 -16 -16 -16 -96 -16 -16 -96 -16 -16 -96 -16 -96 -16 -16 -16 -16 -96 -16 -96 -16 224 64 224 -16 -96 -16 -16 -16 224 -96 -96 64 -16 -16 224 -16 -96 -16 -16 -16 224 -16 -96 -16 -96 64 -96 -16 224 -16 -16 -16 -96 -96 -96 64 -96 64 -96 64 384 64 -96 64 -96 -96 -96 64;
 -16 -16 224 -96 -16 -16 -16 224 -16 -96 64 -96 -16 -96 -16 224 -16 -16 64 -96 -96 224 -16 -16 -16 -96 -16 -16 -96 -16 -16 224 -16 -96 64 -96 -16 -96 -16 224 -16 -16 -16 -16 -96 -96 -16 -16 -16 -96 -16 -16 -96 -16 -16 -16 -96 224 224 64 -16 -16 224 -16 -96 -16 -96 64 -96 -16 224 -16 -16 -16 -96 -16 -96 -16 -16 -16 224 -96 -96 64 -16 -16 224 -16 -96 -16 -96 64 -96 -96 -96 64 64 64 384 -96 -96 64 -96 64 -96;
 -96 64 -96 -16 224 -16 -16 -16 -96 224 -16 -16 -16 -96 -16 -16 -96 -16 -16 -16 224 -96 -96 64 -16 -16 224 -16 -96 -16 -16 -96 -16 -16 -16 224 -96 -96 64 -16 -16 224 -16 -96 -16 224 -16 -16 224 -16 -16 64 -96 -96 -96 -16 -16 -96 -16 -16 -16 -16 -96 -16 -16 -96 -96 -16 -16 -96 -16 -16 64 224 224 -16 224 -16 -16 224 -16 -96 -16 -16 64 -96 -96 -96 -16 -16 -96 64 -96 -96 64 -96 64 -96 -96 384 64 64 64 -96 -96;
 -16 224 -16 -96 64 -96 -16 -96 -16 224 -16 -16 -16 -16 -96 -16 -16 224 -16 -96 -16 -96 64 -96 -16 224 -16 -16 -16 -96 224 -16 -16 224 -16 -16 64 -96 -96 -96 -16 -16 -96 -16 -16 -16 -96 -16 -16 -16 224 -96 -96 64 -16 -16 224 -16 -96 -16 -16 -96 -16 -96 -16 -16 -16 -16 -96 -16 -96 -16 224 64 224 -16 -16 224 -96 -16 -16 -16 224 -16 -96 64 -96 -16 -96 -16 -96 -96 64 64 -96 -96 -96 64 -96 64 384 64 -96 64 -96;
 -16 224 -16 -16 224 -16 -96 -16 -16 64 -96 -96 -96 -16 -16 224 -16 -16 224 -16 -16 64 -96 -96 -96 -16 -16 -96 -16 -16 -16 -16 224 -16 -96 -16 -96 64 -96 -16 224 -16 -16 -16 -96 -16 -16 224 -16 -96 -16 -96 64 -96 -16 224 -16 -16 -16 -96 -96 -16 -16 -16 -96 -16 -16 -96 -16 -16 -16 -96 224 224 64 -96 -16 -16 -16 -16 224 -16 -16 224 -96 -96 64 -16 -16 -96 64 -96 -96 -96 -96 64 -96 -96 64 64 64 384 -96 -96 64;
 64 -96 -96 224 -16 -16 224 -16 -16 -16 -16 -96 -16 -16 -96 -96 -16 -16 -16 -16 224 -16 -16 224 -96 -96 64 -16 -16 -96 -96 -16 -16 -16 -16 224 -16 -16 224 -96 -96 64 -16 -16 -96 -16 224 -16 -16 224 -16 -96 -16 -16 64 -96 -96 -96 -16 -16 -16 224 -16 -16 224 -16 -96 -16 -16 64 -96 -96 -96 -16 -16 -16 -16 -96 -16 -16 -96 -96 -16 -16 -96 -16 -16 64 224 224 -96 -96 64 -96 -96 64 64 -96 -96 64 -96 -96 384 64 64;
 224 -16 -16 64 -96 -96 224 -16 -16 -16 -96 -16 -16 -96 -16 -16 -16 224 -96 -16 -16 -16 224 -16 -96 64 -96 -16 -96 -16 -16 224 -16 -16 224 -16 -96 -16 -16 64 -96 -96 -96 -16 -16 -96 -16 -16 -16 -16 224 -16 -16 224 -96 -96 64 -16 -16 -96 -16 -16 224 -96 -16 -16 -16 224 -16 -96 64 -96 -16 -96 -16 -16 -96 -16 -96 -16 -16 -16 -16 -96 -16 -96 -16 224 64 224 -96 64 -96 64 -96 -96 -96 -96 64 -96 64 -96 64 384 64;
 224 -16 -16 224 -16 -16 64 -96 -96 -96 -16 -16 -96 -16 -16 -16 224 -16 -16 224 -16 -96 -16 -16 64 -96 -96 -96 -16 -16 -16 -16 224 -96 -16 -16 -16 224 -16 -96 64 -96 -16 -96 -16 -16 -16 224 -96 -16 -16 -16 224 -16 -96 64 -96 -16 -96 -16 -96 -16 -16 -16 -16 224 -16 -16 224 -96 -96 64 -16 -16 -96 -96 -16 -16 -16 -96 -16 -16 -96 -16 -16 -16 -96 224 224 64 64 -96 -96 -96 64 -96 -96 64 -96 -96 -96 64 64 64 384;

