384 160 160 160 48 48 160 48 48 48 48 160 48 48 160 160 -64 -64 48 -64 -64 48 -64 -64 -64 -64 48 -64 -64 48 160 -64 -64 48 -64 -64 48 -64 -64 -64 -64 48 -64 -64 48 48 -64 -64 48 -64 -64 160 -64 -64 48 -64 -64 48 -64 -64 48 -64 -64 48 -64 -64 160 -64 -64 48 -64 -64 48 -64 -64 -64 -64 48 -64 -64 48 48 -64 -64 48 -64 -64 160 -64 -64 -64 -64 48 -64 -64 48 48 -64 -64 48 -64 -64 160 -64 -64;
 160 384 160 48 160 48 48 48 160 160 48 48 48 160 48 -64 160 -64 -64 48 -64 -64 -64 48 48 -64 -64 -64 48 -64 -64 160 -64 -64 48 -64 -64 -64 48 48 -64 -64 -64 48 -64 -64 48 -64 -64 48 -64 48 -64 -64 160 -64 -64 48 -64 -64 -64 -64 48 -64 -64 48 48 -64 -64 48 -64 -64 160 -64 -64 48 -64 -64 48 -64 -64 160 -64 -64 48 -64 -64 48 -64 -64 -64 48 -64 -64 48 -64 48 -64 -64 160 -64 -64 48 -64 -64;
 160 160 384 48 48 160 48 160 48 48 160 48 160 48 48 -64 -64 160 -64 -64 48 -64 48 -64 -64 48 -64 48 -64 -64 -64 -64 160 -64 -64 48 -64 48 -64 -64 48 -64 48 -64 -64 -64 -64 48 -64 -64 48 48 -64 -64 48 -64 -64 160 -64 -64 -64 48 -64 -64 48 -64 48 -64 -64 160 -64 -64 48 -64 -64 -64 48 -64 -64 48 -64 48 -64 -64 160 -64 -64 48 -64 -64 48 -64 -64 48 -64 -64 160 -64 -64 48 -64 -64 48 -64 -64;
 160 48 48 384 160 160 160 48 48 48 160 48 48 160 48 48 -64 -64 160 -64 -64 48 -64 -64 -64 48 -64 -64 48 -64 48 -64 -64 48 -64 -64 160 -64 -64 48 -64 -64 48 -64 -64 160 -64 -64 48 -64 -64 48 -64 -64 -64 -64 48 -64 -64 48 48 -64 -64 160 -64 -64 48 -64 -64 -64 48 -64 -64 48 -64 -64 48 -64 48 -64 -64 -64 -64 48 -64 48 -64 -64 160 -64 -64 48 -64 48 -64 -64 -64 -64 48 -64 48 -64 -64 160 -64;
 48 160 48 160 384 160 48 160 48 160 48 48 48 48 160 -64 48 -64 -64 160 -64 -64 48 -64 48 -64 -64 -64 -64 48 -64 48 -64 -64 48 -64 48 -64 -64 160 -64 -64 48 -64 -64 -64 160 -64 -64 48 -64 -64 -64 48 48 -64 -64 -64 48 -64 -64 48 -64 48 -64 -64 -64 -64 48 -64 48 -64 -64 160 -64 48 -64 -64 160 -64 -64 48 -64 -64 -64 48 -64 -64 48 -64 -64 -64 48 48 -64 -64 -64 48 -64 -64 160 -64 -64 48 -64;
 48 48 160 160 160 384 48 48 160 48 48 160 160 48 48 -64 -64 48 -64 -64 160 -64 -64 48 -64 -64 48 48 -64 -64 -64 -64 48 -64 -64 48 48 -64 -64 48 -64 -64 160 -64 -64 -64 -64 160 -64 -64 48 -64 48 -64 -64 48 -64 48 -64 -64 -64 -64 48 48 -64 -64 -64 48 -64 -64 160 -64 -64 48 -64 -64 -64 48 48 -64 -64 -64 48 -64 -64 160 -64 -64 48 -64 48 -64 -64 160 -64 -64 48 -64 -64 -64 48 -64 -64 48 -64;
 160 48 48 160 48 48 384 160 160 160 48 48 160 48 48 48 -64 -64 48 -64 -64 160 -64 -64 48 -64 -64 48 -64 -64 48 -64 -64 160 -64 -64 48 -64 -64 -64 48 -64 -64 48 -64 48 -64 -64 160 -64 -64 48 -64 -64 -64 48 -64 -64 48 -64 160 -64 -64 48 -64 -64 48 -64 -64 -64 -64 48 -64 -64 48 48 -64 -64 -64 48 -64 -64 48 -64 -64 -64 48 -64 -64 160 48 -64 -64 -64 48 -64 -64 48 -64 -64 -64 48 -64 -64 160;
 48 48 160 48 160 48 160 384 160 48 160 48 48 48 160 -64 -64 48 -64 48 -64 -64 160 -64 -64 48 -64 -64 -64 48 -64 -64 48 48 -64 -64 -64 48 -64 -64 160 -64 -64 48 -64 -64 48 -64 48 -64 -64 -64 -64 48 -64 48 -64 -64 160 -64 -64 160 -64 -64 48 -64 -64 -64 48 48 -64 -64 -64 48 -64 -64 48 -64 -64 160 -64 -64 48 -64 48 -64 -64 -64 -64 48 -64 -64 48 -64 48 -64 -64 160 -64 -64 48 -64 -64 -64 48;
 48 160 48 48 48 160 160 160 384 48 48 160 48 160 48 -64 48 -64 -64 -64 48 -64 -64 160 -64 -64 48 -64 48 -64 -64 48 -64 48 -64 -64 -64 -64 48 -64 48 -64 -64 160 -64 -64 -64 48 48 -64 -64 -64 48 -64 -64 160 -64 -64 48 -64 -64 -64 160 -64 -64 48 -64 48 -64 -64 48 -64 48 -64 -64 -64 -64 48 -64 48 -64 -64 160 -64 -64 48 -64 -64 -64 48 -64 48 -64 -64 160 -64 -64 48 -64 48 -64 -64 -64 -64 48;
 48 160 48 48 160 48 160 48 48 384 160 160 160 48 48 -64 48 -64 -64 48 -64 48 -64 -64 160 -64 -64 48 -64 -64 -64 48 -64 -64 160 -64 -64 48 -64 48 -64 -64 -64 -64 48 -64 48 -64 -64 160 -64 -64 48 -64 48 -64 -64 -64 -64 48 48 -64 -64 -64 48 -64 -64 48 -64 -64 -64 48 -64 -64 160 160 -64 -64 48 -64 -64 48 -64 -64 -64 -64 48 -64 -64 48 48 -64 -64 -64 -64 48 -64 -64 48 -64 -64 160 -64 -64 48;
 48 48 160 160 48 48 48 160 48 160 384 160 48 160 48 -64 -64 48 48 -64 -64 -64 48 -64 -64 160 -64 -64 48 -64 -64 -64 48 -64 48 -64 -64 160 -64 -64 48 -64 -64 -64 48 48 -64 -64 -64 48 -64 -64 48 -64 -64 -64 48 -64 -64 160 -64 48 -64 -64 160 -64 -64 48 -64 48 -64 -64 -64 -64 48 -64 160 -64 -64 48 -64 -64 -64 48 48 -64 -64 -64 48 -64 -64 48 -64 -64 -64 48 -64 -64 160 -64 -64 48 -64 48 -64;
 160 48 48 48 48 160 48 48 160 160 160 384 48 48 160 48 -64 -64 -64 -64 48 -64 -64 48 -64 -64 160 -64 -64 48 48 -64 -64 -64 48 -64 -64 48 -64 -64 -64 48 -64 -64 160 -64 -64 48 -64 48 -64 -64 160 -64 -64 48 -64 -64 -64 48 -64 -64 48 -64 48 -64 -64 160 -64 -64 48 -64 -64 -64 48 -64 -64 160 -64 -64 48 -64 48 -64 -64 48 -64 48 -64 -64 -64 -64 48 -64 -64 160 -64 -64 48 -64 -64 48 48 -64 -64;
 48 48 160 48 48 160 160 48 48 160 48 48 384 160 160 -64 -64 48 -64 -64 48 48 -64 -64 48 -64 -64 160 -64 -64 -64 -64 48 -64 -64 160 -64 -64 48 -64 -64 48 48 -64 -64 -64 -64 48 -64 -64 160 -64 -64 48 -64 -64 48 48 -64 -64 48 -64 -64 -64 -64 48 -64 -64 48 -64 -64 160 -64 -64 48 48 -64 -64 -64 -64 48 -64 -64 48 -64 -64 160 -64 -64 48 160 -64 -64 48 -64 -64 48 -64 -64 -64 -64 48 -64 -64 48;
 48 160 48 160 48 48 48 48 160 48 160 48 160 384 160 -64 48 -64 48 -64 -64 -64 -64 48 -64 48 -64 -64 160 -64 -64 48 -64 -64 -64 48 -64 -64 160 -64 -64 48 -64 48 -64 48 -64 -64 -64 -64 48 -64 -64 48 -64 -64 160 -64 -64 48 -64 -64 48 -64 -64 160 -64 -64 48 -64 -64 48 48 -64 -64 -64 48 -64 -64 -64 48 -64 -64 160 -64 -64 48 -64 48 -64 -64 160 -64 -64 48 -64 -64 -64 48 48 -64 -64 -64 48 -64;
 160 48 48 48 160 48 48 160 48 48 48 160 160 160 384 48 -64 -64 -64 48 -64 -64 48 -64 -64 -64 48 -64 -64 160 48 -64 -64 -64 -64 48 -64 -64 48 -64 -64 160 -64 -64 48 -64 48 -64 -64 -64 48 -64 -64 160 -64 -64 48 -64 48 -64 -64 48 -64 -64 -64 48 -64 -64 160 -64 -64 48 -64 48 -64 -64 -64 48 -64 -64 160 -64 -64 48 -64 -64 48 48 -64 -64 -64 -64 160 -64 -64 48 -64 48 -64 -64 48 -64 48 -64 -64;
 160 -64 -64 48 -64 -64 48 -64 -64 -64 -64 48 -64 -64 48 384 160 160 160 48 48 160 48 48 48 48 160 48 48 160 160 -64 -64 48 -64 -64 48 -64 -64 -64 -64 48 -64 -64 48 48 -64 -64 160 48 48 48 -64 -64 -64 -64 -64 -64 -64 -64 48 -64 -64 160 48 48 48 -64 -64 -64 -64 -64 -64 -64 -64 -64 -64 48 48 48 160 -64 -64 -64 -64 -64 -64 48 -64 -64 -64 -64 48 48 48 160 -64 -64 -64 -64 -64 -64 48 -64 -64;
 -64 160 -64 -64 48 -64 -64 -64 48 48 -64 -64 -64 48 -64 160 384 160 48 160 48 48 48 160 160 48 48 48 160 48 -64 160 -64 -64 48 -64 -64 -64 48 48 -64 -64 -64 48 -64 -64 48 -64 48 160 48 -64 -64 -64 48 -64 -64 -64 -64 -64 -64 -64 48 48 48 160 -64 -64 -64 -64 -64 -64 48 -64 -64 48 -64 -64 160 48 48 48 -64 -64 -64 -64 -64 -64 -64 -64 -64 48 -64 48 160 48 -64 -64 -64 48 -64 -64 -64 -64 -64;
 -64 -64 160 -64 -64 48 -64 48 -64 -64 48 -64 48 -64 -64 160 160 384 48 48 160 48 160 48 48 160 48 160 48 48 -64 -64 160 -64 -64 48 -64 48 -64 -64 48 -64 48 -64 -64 -64 -64 48 48 48 160 -64 -64 -64 -64 -64 -64 48 -64 -64 -64 48 -64 48 160 48 -64 -64 -64 48 -64 -64 -64 -64 -64 -64 48 -64 48 160 48 -64 -64 -64 48 -64 -64 -64 -64 -64 48 -64 -64 160 48 48 48 -64 -64 -64 -64 -64 -64 -64 -64;
 48 -64 -64 160 -64 -64 48 -64 -64 -64 48 -64 -64 48 -64 160 48 48 384 160 160 160 48 48 48 160 48 48 160 48 48 -64 -64 160 48 48 48 -64 -64 -64 -64 -64 -64 -64 -64 160 -64 -64 48 -64 -64 48 -64 -64 -64 -64 48 -64 -64 48 48 -64 -64 48 -64 -64 160 48 48 -64 -64 -64 -64 -64 -64 -64 48 -64 -64 -64 -64 48 48 160 -64 -64 -64 -64 48 -64 -64 48 -64 -64 -64 -64 48 48 160 -64 -64 -64 -64 48 -64;
 -64 48 -64 -64 160 -64 -64 48 -64 48 -64 -64 -64 -64 48 48 160 48 160 384 160 48 160 48 160 48 48 48 48 160 -64 48 -64 48 160 48 -64 -64 -64 48 -64 -64 -64 -64 -64 -64 160 -64 -64 48 -64 -64 -64 48 48 -64 -64 -64 48 -64 -64 48 -64 -64 -64 -64 48 48 160 -64 -64 -64 -64 48 -64 48 -64 -64 48 -64 -64 160 48 48 -64 -64 -64 -64 -64 -64 -64 -64 48 -64 -64 -64 48 160 48 -64 48 -64 -64 -64 -64;
 -64 -64 48 -64 -64 160 -64 -64 48 -64 -64 48 48 -64 -64 48 48 160 160 160 384 48 48 160 48 48 160 160 48 48 -64 -64 48 48 48 160 -64 -64 -64 -64 -64 -64 48 -64 -64 -64 -64 160 -64 -64 48 -64 48 -64 -64 48 -64 48 -64 -64 -64 -64 48 -64 -64 -64 48 160 48 -64 48 -64 -64 -64 -64 -64 -64 48 -64 -64 -64 48 160 48 -64 48 -64 -64 -64 -64 48 -64 -64 48 -64 -64 160 48 48 -64 -64 -64 -64 -64 -64;
 48 -64 -64 48 -64 -64 160 -64 -64 48 -64 -64 48 -64 -64 160 48 48 160 48 48 384 160 160 160 48 48 160 48 48 48 -64 -64 48 -64 -64 160 48 48 -64 -64 -64 -64 -64 -64 48 -64 -64 48 -64 -64 160 48 48 -64 -64 -64 -64 -64 -64 160 -64 -64 48 -64 -64 48 -64 -64 -64 -64 48 -64 -64 48 48 -64 -64 -64 -64 -64 -64 -64 -64 48 48 160 -64 -64 48 48 -64 -64 -64 -64 -64 -64 -64 -64 48 48 160 -64 -64 48;
 -64 -64 48 -64 48 -64 -64 160 -64 -64 48 -64 -64 -64 48 48 48 160 48 160 48 160 384 160 48 160 48 48 48 160 -64 -64 48 -64 -64 -64 48 160 48 -64 48 -64 -64 -64 -64 -64 48 -64 -64 -64 -64 48 48 160 -64 -64 -64 -64 48 -64 -64 160 -64 -64 48 -64 -64 -64 48 48 -64 -64 -64 48 -64 -64 48 -64 -64 48 -64 -64 -64 -64 160 48 48 -64 -64 -64 -64 -64 48 -64 -64 -64 -64 48 -64 48 160 48 -64 -64 -64;
 -64 48 -64 -64 -64 48 -64 -64 160 -64 -64 48 -64 48 -64 48 160 48 48 48 160 160 160 384 48 48 160 48 160 48 -64 48 -64 -64 -64 -64 48 48 160 -64 -64 -64 -64 48 -64 -64 -64 48 -64 -64 -64 48 160 48 -64 48 -64 -64 -64 -64 -64 -64 160 -64 -64 48 -64 48 -64 -64 48 -64 48 -64 -64 -64 -64 48 -64 -64 -64 -64 48 -64 48 160 48 -64 -64 -64 -64 48 -64 -64 48 -64 -64 -64 -64 160 48 48 -64 -64 -64;
 -64 48 -64 -64 48 -64 48 -64 -64 160 -64 -64 48 -64 -64 48 160 48 48 160 48 160 48 48 384 160 160 160 48 48 -64 48 -64 -64 48 -64 -64 -64 -64 160 48 48 -64 -64 -64 -64 48 -64 -64 48 -64 -64 -64 -64 160 48 48 -64 -64 -64 48 -64 -64 -64 -64 -64 -64 -64 -64 48 48 160 -64 -64 48 160 -64 -64 48 -64 -64 48 -64 -64 -64 -64 48 -64 -64 48 48 -64 -64 -64 -64 -64 -64 -64 -64 -64 -64 48 48 48 160;
 -64 -64 48 48 -64 -64 -64 48 -64 -64 160 -64 -64 48 -64 48 48 160 160 48 48 48 160 48 160 384 160 48 160 48 -64 -64 48 -64 -64 -64 -64 48 -64 48 160 48 -64 -64 -64 48 -64 -64 -64 -64 -64 -64 -64 -64 48 48 160 -64 -64 48 -64 48 -64 -64 48 -64 -64 -64 -64 160 48 48 -64 -64 -64 -64 160 -64 -64 48 -64 -64 -64 48 48 -64 -64 -64 48 -64 -64 48 -64 -64 -64 -64 -64 -64 48 -64 -64 -64 48 160 48;
 48 -64 -64 -64 -64 48 -64 -64 48 -64 -64 160 -64 -64 48 160 48 48 48 48 160 48 48 160 160 160 384 48 48 160 48 -64 -64 -64 -64 -64 -64 -64 -64 48 48 160 -64 -64 48 -64 -64 48 -64 -64 -64 -64 48 -64 48 160 48 -64 -64 -64 -64 -64 48 -64 -64 -64 -64 48 -64 48 160 48 -64 -64 -64 -64 -64 160 -64 -64 48 -64 48 -64 -64 48 -64 48 -64 -64 -64 -64 48 -64 -64 48 -64 -64 -64 -64 -64 -64 160 48 48;
 -64 -64 48 -64 -64 48 48 -64 -64 48 -64 -64 160 -64 -64 48 48 160 48 48 160 160 48 48 160 48 48 384 160 160 -64 -64 48 -64 -64 48 -64 -64 -64 -64 -64 -64 160 48 48 -64 -64 48 -64 -64 48 -64 -64 -64 -64 -64 -64 160 48 48 48 -64 -64 -64 -64 -64 -64 -64 -64 -64 -64 48 48 48 160 48 -64 -64 -64 -64 -64 -64 -64 -64 -64 -64 48 48 48 160 160 -64 -64 48 -64 -64 48 -64 -64 -64 -64 48 -64 -64 48;
 -64 48 -64 48 -64 -64 -64 -64 48 -64 48 -64 -64 160 -64 48 160 48 160 48 48 48 48 160 48 160 48 160 384 160 -64 48 -64 -64 -64 -64 -64 -64 48 -64 -64 -64 48 160 48 48 -64 -64 -64 -64 -64 -64 -64 -64 -64 -64 48 48 48 160 -64 -64 48 -64 -64 48 -64 -64 -64 -64 -64 -64 160 48 48 -64 48 -64 -64 -64 -64 -64 -64 48 -64 -64 -64 48 160 48 -64 160 -64 -64 48 -64 -64 -64 48 48 -64 -64 -64 48 -64;
 48 -64 -64 -64 48 -64 -64 48 -64 -64 -64 48 -64 -64 160 160 48 48 48 160 48 48 160 48 48 48 160 160 160 384 48 -64 -64 -64 -64 -64 -64 -64 -64 -64 -64 48 48 48 160 -64 48 -64 -64 -64 -64 -64 -64 48 -64 -64 -64 48 160 48 -64 48 -64 -64 -64 -64 -64 -64 48 -64 -64 -64 48 160 48 -64 -64 48 -64 -64 48 -64 -64 -64 -64 -64 -64 160 48 48 -64 -64 160 -64 -64 48 -64 48 -64 -64 48 -64 48 -64 -64;
 160 -64 -64 48 -64 -64 48 -64 -64 -64 -64 48 -64 -64 48 160 -64 -64 48 -64 -64 48 -64 -64 -64 -64 48 -64 -64 48 384 160 160 160 48 48 160 48 48 48 48 160 48 48 160 160 48 48 48 -64 -64 48 -64 -64 -64 -64 -64 -64 -64 -64 160 48 48 48 -64 -64 48 -64 -64 -64 -64 -64 -64 -64 -64 48 48 160 -64 -64 48 -64 -64 -64 -64 -64 -64 48 -64 -64 48 48 160 -64 -64 48 -64 -64 -64 -64 -64 -64 48 -64 -64;
 -64 160 -64 -64 48 -64 -64 -64 48 48 -64 -64 -64 48 -64 -64 160 -64 -64 48 -64 -64 -64 48 48 -64 -64 -64 48 -64 160 384 160 48 160 48 48 48 160 160 48 48 48 160 48 48 160 48 -64 48 -64 -64 -64 -64 48 -64 -64 -64 -64 -64 48 48 160 -64 -64 48 -64 -64 -64 -64 -64 -64 48 -64 -64 160 48 48 48 -64 -64 48 -64 -64 -64 -64 -64 -64 -64 -64 48 160 48 -64 48 -64 -64 -64 -64 48 -64 -64 -64 -64 -64;
 -64 -64 160 -64 -64 48 -64 48 -64 -64 48 -64 48 -64 -64 -64 -64 160 -64 -64 48 -64 48 -64 -64 48 -64 48 -64 -64 160 160 384 48 48 160 48 160 48 48 160 48 160 48 48 48 48 160 -64 -64 48 -64 -64 -64 -64 -64 -64 48 -64 -64 48 160 48 -64 48 -64 -64 -64 -64 48 -64 -64 -64 -64 -64 48 160 48 -64 48 -64 -64 -64 -64 48 -64 -64 -64 -64 -64 160 48 48 48 -64 -64 48 -64 -64 -64 -64 -64 -64 -64 -64;
 48 -64 -64 48 -64 -64 160 48 48 -64 -64 -64 -64 -64 -64 48 -64 -64 160 48 48 48 -64 -64 -64 -64 -64 -64 -64 -64 160 48 48 384 160 160 160 48 48 48 160 48 48 160 48 48 -64 -64 160 -64 -64 48 -64 -64 -64 48 -64 -64 48 -64 48 -64 -64 48 -64 -64 160 48 48 -64 -64 -64 -64 -64 -64 -64 -64 -64 -64 48 -64 48 160 48 -64 -64 -64 -64 -64 48 -64 -64 -64 -64 48 -64 48 160 48 -64 -64 -64 -64 -64 48;
 -64 48 -64 -64 48 -64 -64 -64 -64 160 48 48 -64 -64 -64 -64 48 -64 48 160 48 -64 -64 -64 48 -64 -64 -64 -64 -64 48 160 48 160 384 160 48 160 48 160 48 48 48 48 160 -64 48 -64 -64 160 -64 -64 48 -64 48 -64 -64 -64 -64 48 -64 -64 -64 -64 48 -64 48 160 48 -64 -64 -64 -64 -64 48 48 -64 -64 48 -64 -64 160 48 48 -64 -64 -64 -64 -64 -64 -64 -64 -64 -64 -64 48 48 48 160 -64 -64 48 -64 -64 -64;
 -64 -64 48 -64 -64 48 -64 -64 -64 -64 -64 -64 160 48 48 -64 -64 48 48 48 160 -64 -64 -64 -64 -64 -64 48 -64 -64 48 48 160 160 160 384 48 48 160 48 48 160 160 48 48 -64 -64 48 -64 -64 160 -64 -64 48 -64 -64 48 48 -64 -64 -64 -64 -64 -64 -64 48 48 48 160 -64 -64 48 -64 -64 -64 -64 -64 -64 -64 -64 48 48 48 160 -64 -64 48 -64 -64 -64 48 -64 -64 48 -64 -64 160 48 48 -64 -64 -64 -64 -64 -64;
 48 -64 -64 160 48 48 48 -64 -64 -64 -64 -64 -64 -64 -64 48 -64 -64 48 -64 -64 160 48 48 -64 -64 -64 -64 -64 -64 160 48 48 160 48 48 384 160 160 160 48 48 160 48 48 48 -64 -64 48 -64 -64 160 48 48 -64 -64 -64 -64 -64 -64 48 -64 -64 160 -64 -64 48 -64 -64 -64 48 -64 -64 48 -64 -64 -64 -64 48 -64 -64 -64 -64 -64 48 160 48 -64 48 -64 -64 -64 -64 48 -64 -64 -64 -64 -64 48 160 48 -64 48 -64;
 -64 -64 48 -64 -64 -64 -64 48 -64 48 160 48 -64 -64 -64 -64 -64 48 -64 -64 -64 48 160 48 -64 48 -64 -64 -64 -64 48 48 160 48 160 48 160 384 160 48 160 48 48 48 160 -64 -64 -64 -64 48 -64 48 160 48 -64 -64 -64 -64 -64 48 -64 48 -64 -64 160 -64 -64 48 -64 48 -64 -64 -64 -64 48 -64 48 -64 -64 48 -64 -64 -64 -64 160 48 48 -64 -64 -64 -64 -64 -64 -64 -64 48 -64 -64 48 48 48 160 -64 -64 -64;
 -64 48 -64 -64 -64 -64 -64 -64 48 -64 -64 -64 48 160 48 -64 48 -64 -64 -64 -64 48 48 160 -64 -64 -64 -64 48 -64 48 160 48 48 48 160 160 160 384 48 48 160 48 160 48 -64 -64 -64 -64 -64 48 48 48 160 -64 -64 48 -64 -64 -64 -64 -64 48 -64 -64 160 -64 -64 48 -64 -64 48 48 -64 -64 -64 -64 -64 -64 -64 48 -64 -64 48 48 48 160 -64 -64 -64 -64 48 -64 -64 48 -64 -64 -64 -64 160 48 48 -64 -64 -64;
 -64 48 -64 48 160 48 -64 -64 -64 48 -64 -64 -64 -64 -64 -64 48 -64 -64 48 -64 -64 -64 -64 160 48 48 -64 -64 -64 48 160 48 48 160 48 160 48 48 384 160 160 160 48 48 -64 48 -64 -64 48 -64 -64 -64 -64 160 48 48 -64 -64 -64 -64 -64 -64 48 -64 -64 -64 -64 -64 48 160 48 -64 48 -64 48 -64 -64 160 -64 -64 48 -64 -64 -64 48 -64 -64 48 -64 -64 -64 -64 48 -64 -64 -64 -64 -64 -64 48 -64 48 160 48;
 -64 -64 48 -64 -64 -64 48 160 48 -64 48 -64 -64 -64 -64 -64 -64 48 -64 -64 -64 -64 48 -64 48 160 48 -64 -64 -64 48 48 160 160 48 48 48 160 48 160 384 160 48 160 48 -64 -64 -64 48 -64 -64 -64 -64 -64 48 160 48 -64 48 -64 -64 48 -64 -64 48 -64 -64 -64 -64 160 48 48 -64 -64 -64 -64 48 -64 -64 160 -64 -64 48 -64 48 -64 -64 -64 -64 48 -64 -64 -64 -64 48 -64 -64 48 -64 -64 -64 -64 48 48 160;
 48 -64 -64 -64 -64 -64 -64 -64 -64 -64 -64 48 48 48 160 48 -64 -64 -64 -64 -64 -64 -64 -64 48 48 160 -64 -64 48 160 48 48 48 48 160 48 48 160 160 160 384 48 48 160 -64 -64 -64 -64 -64 48 -64 -64 48 48 48 160 -64 -64 -64 -64 -64 -64 -64 -64 48 -64 -64 48 48 48 160 -64 -64 -64 -64 -64 48 -64 -64 160 -64 -64 48 -64 -64 48 48 -64 -64 -64 -64 48 -64 -64 48 -64 -64 -64 -64 -64 -64 160 48 48;
 -64 -64 48 48 48 160 -64 -64 -64 -64 -64 -64 48 -64 -64 -64 -64 48 -64 -64 48 -64 -64 -64 -64 -64 -64 160 48 48 48 48 160 48 48 160 160 48 48 160 48 48 384 160 160 -64 -64 48 -64 -64 48 -64 -64 -64 -64 -64 -64 160 48 48 -64 -64 -64 48 -64 -64 -64 -64 -64 -64 48 -64 48 160 48 -64 -64 -64 48 -64 -64 -64 -64 -64 -64 48 -64 48 160 48 48 -64 -64 160 -64 -64 48 -64 -64 -64 48 -64 -64 48 -64;
 -64 48 -64 -64 -64 -64 48 48 160 -64 -64 -64 -64 48 -64 -64 48 -64 -64 -64 -64 -64 -64 48 -64 -64 -64 48 160 48 48 160 48 160 48 48 48 48 160 48 160 48 160 384 160 -64 -64 -64 48 -64 -64 -64 -64 -64 -64 48 -64 48 160 48 -64 -64 48 -64 -64 48 -64 -64 -64 -64 -64 -64 160 48 48 -64 -64 -64 -64 48 -64 -64 48 -64 -64 -64 -64 48 48 160 -64 48 -64 -64 160 -64 -64 48 -64 48 -64 -64 -64 -64 48;
 48 -64 -64 -64 -64 -64 -64 -64 -64 48 48 160 -64 -64 48 48 -64 -64 -64 -64 -64 -64 -64 -64 -64 -64 48 48 48 160 160 48 48 48 160 48 48 160 48 48 48 160 160 160 384 -64 -64 -64 -64 48 -64 -64 48 -64 -64 -64 -64 48 48 160 -64 -64 -64 -64 48 -64 -64 48 -64 -64 -64 -64 48 48 160 -64 -64 48 -64 -64 48 -64 -64 -64 -64 -64 -64 160 48 48 -64 -64 48 -64 -64 160 -64 -64 48 -64 -64 48 48 -64 -64;
 48 -64 -64 160 -64 -64 48 -64 -64 -64 48 -64 -64 48 -64 48 -64 -64 160 -64 -64 48 -64 -64 -64 48 -64 -64 48 -64 160 48 48 48 -64 -64 48 -64 -64 -64 -64 -64 -64 -64 -64 384 160 160 160 48 48 160 48 48 48 48 160 48 48 160 160 48 48 48 -64 -64 48 -64 -64 -64 -64 -64 -64 -64 -64 48 160 48 -64 -64 -64 -64 -64 48 -64 -64 -64 -64 48 -64 48 160 48 -64 -64 -64 -64 -64 48 -64 -64 -64 -64 48 -64;
 -64 48 -64 -64 160 -64 -64 48 -64 48 -64 -64 -64 -64 48 -64 48 -64 -64 160 -64 -64 48 -64 48 -64 -64 -64 -64 48 48 160 48 -64 48 -64 -64 -64 -64 48 -64 -64 -64 -64 -64 160 384 160 48 160 48 48 48 160 160 48 48 48 160 48 48 160 48 -64 -64 -64 -64 -64 48 -64 -64 -64 -64 48 -64 160 48 48 48 -64 -64 48 -64 -64 -64 -64 -64 -64 -64 -64 48 48 160 -64 -64 -64 -64 48 -64 -64 48 -64 -64 -64 -64;
 -64 -64 48 -64 -64 160 -64 -64 48 -64 -64 48 48 -64 -64 -64 -64 48 -64 -64 160 -64 -64 48 -64 -64 48 48 -64 -64 48 48 160 -64 -64 48 -64 -64 -64 -64 -64 -64 48 -64 -64 160 160 384 48 48 160 48 160 48 48 160 48 160 48 48 48 48 160 -64 -64 -64 -64 48 -64 -64 48 -64 -64 -64 -64 48 48 160 -64 -64 -64 -64 48 -64 -64 48 -64 -64 -64 -64 160 48 48 48 -64 -64 48 -64 -64 -64 -64 -64 -64 -64 -64;
 48 -64 -64 48 -64 -64 160 48 48 -64 -64 -64 -64 -64 -64 160 48 48 48 -64 -64 48 -64 -64 -64 -64 -64 -64 -64 -64 48 -64 -64 160 -64 -64 48 -64 -64 -64 48 -64 -64 48 -64 160 48 48 384 160 160 160 48 48 48 160 48 48 160 48 48 -64 -64 160 48 48 48 -64 -64 -64 -64 -64 -64 -64 -64 -64 -64 -64 48 160 48 -64 48 -64 -64 -64 -64 -64 -64 48 -64 -64 -64 48 160 48 -64 48 -64 -64 -64 -64 -64 -64 48;
 -64 48 -64 -64 48 -64 -64 -64 -64 160 48 48 -64 -64 -64 48 160 48 -64 48 -64 -64 -64 -64 48 -64 -64 -64 -64 -64 -64 48 -64 -64 160 -64 -64 48 -64 48 -64 -64 -64 -64 48 48 160 48 160 384 160 48 160 48 160 48 48 48 48 160 -64 -64 -64 48 160 48 -64 48 -64 -64 -64 -64 -64 -64 48 48 -64 -64 160 48 48 48 -64 -64 -64 -64 -64 -64 -64 -64 -64 -64 -64 48 48 160 -64 -64 48 -64 -64 48 -64 -64 -64;
 -64 -64 48 -64 -64 48 -64 -64 -64 -64 -64 -64 160 48 48 48 48 160 -64 -64 48 -64 -64 -64 -64 -64 -64 48 -64 -64 -64 -64 48 -64 -64 160 -64 -64 48 -64 -64 48 48 -64 -64 48 48 160 160 160 384 48 48 160 48 48 160 160 48 48 -64 -64 -64 48 48 160 -64 -64 48 -64 -64 48 -64 -64 -64 -64 -64 -64 48 48 160 -64 -64 48 -64 -64 48 -64 -64 -64 48 -64 -64 160 48 48 48 -64 -64 -64 -64 -64 -64 -64 -64;
 160 48 48 48 -64 -64 48 -64 -64 -64 -64 -64 -64 -64 -64 48 -64 -64 48 -64 -64 160 48 48 -64 -64 -64 -64 -64 -64 48 -64 -64 48 -64 -64 160 48 48 -64 -64 -64 -64 -64 -64 160 48 48 160 48 48 384 160 160 160 48 48 160 48 48 48 -64 -64 48 -64 -64 160 -64 -64 48 -64 -64 48 -64 -64 -64 -64 -64 -64 -64 -64 48 -64 -64 160 48 48 48 -64 -64 -64 -64 -64 -64 -64 -64 48 -64 -64 160 48 48 48 -64 -64;
 -64 -64 -64 -64 -64 48 -64 -64 48 48 48 160 -64 -64 -64 -64 -64 -64 -64 -64 48 48 48 160 -64 -64 48 -64 -64 -64 -64 -64 -64 -64 48 -64 48 160 48 -64 -64 -64 -64 -64 48 48 48 160 48 160 48 160 384 160 48 160 48 48 48 160 -64 -64 48 -64 48 -64 -64 160 -64 -64 48 -64 -64 -64 48 -64 -64 48 -64 -64 -64 -64 48 -64 48 160 48 -64 -64 -64 -64 -64 -64 -64 -64 48 -64 -64 48 48 48 160 -64 -64 -64;
 -64 -64 -64 -64 48 -64 -64 48 -64 -64 -64 -64 48 48 160 -64 -64 -64 -64 48 -64 48 160 48 -64 -64 -64 -64 -64 48 -64 -64 -64 -64 -64 48 48 48 160 -64 -64 48 -64 -64 -64 48 160 48 48 48 160 160 160 384 48 48 160 48 160 48 -64 48 -64 -64 -64 48 -64 -64 160 -64 -64 48 -64 48 -64 -64 -64 -64 -64 -64 48 -64 -64 48 48 48 160 -64 -64 -64 -64 -64 48 -64 -64 -64 -64 48 -64 48 160 48 -64 -64 -64;
 48 160 48 -64 48 -64 -64 -64 -64 48 -64 -64 -64 -64 -64 -64 48 -64 -64 48 -64 -64 -64 -64 160 48 48 -64 -64 -64 -64 48 -64 -64 48 -64 -64 -64 -64 160 48 48 -64 -64 -64 48 160 48 48 160 48 160 48 48 384 160 160 160 48 48 -64 -64 -64 -64 -64 -64 48 -64 -64 160 48 48 48 -64 -64 48 -64 -64 48 -64 -64 160 -64 -64 48 -64 -64 48 -64 -64 -64 -64 -64 -64 -64 -64 48 -64 -64 48 -64 -64 160 48 48;
 -64 -64 -64 -64 -64 48 48 48 160 -64 -64 48 -64 -64 -64 -64 -64 -64 -64 -64 48 -64 -64 48 48 48 160 -64 -64 -64 -64 -64 -64 48 -64 -64 -64 -64 -64 48 160 48 -64 48 -64 48 48 160 160 48 48 48 160 48 160 384 160 48 160 48 -64 -64 48 -64 -64 -64 -64 48 -64 48 160 48 -64 -64 -64 -64 -64 48 -64 48 -64 -64 160 -64 -64 48 -64 -64 -64 48 -64 -64 -64 -64 48 -64 -64 48 -64 -64 -64 -64 48 48 160;
 -64 -64 -64 48 -64 -64 -64 -64 -64 -64 48 -64 48 160 48 -64 -64 -64 48 -64 -64 -64 -64 -64 48 160 48 -64 48 -64 -64 -64 -64 -64 -64 48 -64 -64 48 48 48 160 -64 -64 -64 160 48 48 48 48 160 48 48 160 160 160 384 48 48 160 -64 -64 -64 -64 -64 48 -64 -64 48 48 48 160 -64 -64 -64 -64 48 -64 -64 -64 48 -64 -64 160 -64 -64 48 -64 48 -64 -64 48 -64 -64 -64 -64 -64 -64 48 -64 -64 -64 48 160 48;
 48 48 160 -64 -64 48 -64 -64 -64 -64 -64 -64 48 -64 -64 -64 -64 48 -64 -64 48 -64 -64 -64 -64 -64 -64 160 48 48 -64 -64 48 -64 -64 48 -64 -64 -64 -64 -64 -64 160 48 48 48 48 160 48 48 160 160 48 48 160 48 48 384 160 160 -64 -64 -64 -64 -64 -64 48 -64 -64 48 -64 -64 160 48 48 -64 -64 -64 -64 -64 -64 48 -64 -64 48 -64 -64 160 48 48 48 -64 -64 48 -64 -64 160 -64 -64 48 -64 -64 48 -64 -64;
 -64 -64 -64 -64 48 -64 48 160 48 -64 -64 -64 -64 -64 48 -64 -64 -64 -64 48 -64 -64 48 -64 -64 -64 -64 48 48 160 -64 -64 -64 48 -64 -64 -64 -64 -64 -64 48 -64 48 160 48 48 160 48 160 48 48 48 48 160 48 160 48 160 384 160 -64 48 -64 -64 -64 -64 -64 -64 48 -64 -64 -64 48 160 48 -64 -64 -64 -64 48 -64 -64 48 -64 -64 -64 -64 48 48 160 -64 -64 48 -64 48 -64 -64 160 -64 -64 48 -64 -64 -64 48;
 -64 -64 -64 48 -64 -64 -64 -64 -64 48 160 48 -64 48 -64 -64 -64 -64 48 -64 -64 -64 -64 -64 -64 48 -64 48 160 48 -64 -64 -64 -64 48 -64 -64 48 -64 -64 -64 -64 48 48 160 160 48 48 48 160 48 48 160 48 48 48 160 160 160 384 -64 -64 -64 -64 48 -64 -64 48 -64 -64 -64 -64 48 48 160 -64 48 -64 -64 -64 -64 -64 -64 48 -64 -64 -64 48 160 48 -64 48 -64 -64 -64 48 -64 -64 160 -64 -64 48 -64 48 -64;
 48 -64 -64 48 -64 -64 160 -64 -64 48 -64 -64 48 -64 -64 48 -64 -64 48 -64 -64 160 -64 -64 48 -64 -64 48 -64 -64 160 48 48 48 -64 -64 48 -64 -64 -64 -64 -64 -64 -64 -64 160 48 48 48 -64 -64 48 -64 -64 -64 -64 -64 -64 -64 -64 384 160 160 160 48 48 160 48 48 48 48 160 48 48 160 160 48 48 -64 -64 -64 -64 -64 -64 -64 -64 48 -64 -64 48 160 48 48 -64 -64 -64 -64 -64 -64 -64 -64 48 -64 -64 48;
 -64 -64 48 -64 48 -64 -64 160 -64 -64 48 -64 -64 -64 48 -64 -64 48 -64 48 -64 -64 160 -64 -64 48 -64 -64 -64 48 48 48 160 -64 -64 -64 -64 48 -64 -64 48 -64 -64 -64 -64 48 160 48 -64 -64 -64 -64 -64 48 -64 -64 -64 -64 48 -64 160 384 160 48 160 48 48 48 160 160 48 48 48 160 48 48 160 48 -64 48 -64 -64 -64 -64 48 -64 -64 -64 -64 -64 48 48 160 -64 -64 -64 -64 48 -64 -64 48 -64 -64 -64 -64;
 -64 48 -64 -64 -64 48 -64 -64 160 -64 -64 48 -64 48 -64 -64 48 -64 -64 -64 48 -64 -64 160 -64 -64 48 -64 48 -64 48 160 48 -64 -64 -64 -64 -64 48 -64 -64 -64 -64 48 -64 48 48 160 -64 -64 -64 -64 48 -64 -64 48 -64 -64 -64 -64 160 160 384 48 48 160 48 160 48 48 160 48 160 48 48 48 48 160 -64 -64 -64 -64 48 -64 -64 48 -64 -64 -64 -64 48 160 48 -64 48 -64 -64 -64 -64 48 -64 -64 -64 -64 -64;
 48 -64 -64 160 48 48 48 -64 -64 -64 -64 -64 -64 -64 -64 160 48 48 48 -64 -64 48 -64 -64 -64 -64 -64 -64 -64 -64 48 -64 -64 48 -64 -64 160 -64 -64 48 -64 -64 48 -64 -64 48 -64 -64 160 48 48 48 -64 -64 -64 -64 -64 -64 -64 -64 160 48 48 384 160 160 160 48 48 48 160 48 48 160 48 -64 -64 -64 160 48 48 -64 -64 -64 -64 48 -64 -64 48 -64 -64 -64 -64 160 48 48 -64 -64 -64 -64 48 -64 -64 48 -64;
 -64 -64 48 -64 -64 -64 -64 48 -64 48 160 48 -64 -64 -64 48 48 160 -64 -64 -64 -64 48 -64 -64 48 -64 -64 -64 -64 -64 -64 48 -64 48 -64 -64 160 -64 -64 48 -64 -64 -64 48 -64 -64 -64 48 160 48 -64 48 -64 -64 -64 -64 -64 -64 48 48 160 48 160 384 160 48 160 48 160 48 48 48 48 160 -64 48 -64 48 160 48 -64 -64 -64 48 -64 -64 -64 -64 -64 -64 -64 -64 48 48 160 -64 -64 48 -64 -64 48 -64 -64 -64;
 -64 48 -64 -64 -64 -64 -64 -64 48 -64 -64 -64 48 160 48 48 160 48 -64 -64 -64 -64 -64 48 -64 -64 -64 -64 48 -64 -64 48 -64 -64 -64 48 -64 -64 160 -64 -64 48 -64 48 -64 -64 -64 -64 48 48 160 -64 -64 48 -64 -64 48 -64 -64 -64 48 48 160 160 160 384 48 48 160 48 48 160 160 48 48 -64 -64 -64 48 48 160 -64 -64 48 -64 -64 48 -64 -64 -64 -64 48 -64 48 160 48 -64 -64 -64 48 -64 -64 -64 -64 -64;
 160 48 48 48 -64 -64 48 -64 -64 -64 -64 -64 -64 -64 -64 48 -64 -64 160 48 48 48 -64 -64 -64 -64 -64 -64 -64 -64 48 -64 -64 160 48 48 48 -64 -64 -64 -64 -64 -64 -64 -64 48 -64 -64 48 -64 -64 160 -64 -64 48 -64 -64 48 -64 -64 160 48 48 160 48 48 384 160 160 160 48 48 160 48 48 -64 -64 -64 -64 -64 -64 160 48 48 48 -64 -64 48 -64 -64 -64 -64 -64 -64 -64 -64 160 48 48 48 -64 -64 48 -64 -64;
 -64 -64 -64 -64 -64 48 -64 -64 48 48 48 160 -64 -64 -64 -64 -64 -64 48 48 160 -64 -64 48 -64 -64 48 -64 -64 -64 -64 -64 -64 48 160 48 -64 48 -64 -64 -64 -64 -64 -64 48 -64 -64 48 -64 48 -64 -64 160 -64 -64 48 -64 -64 -64 48 48 48 160 48 160 48 160 384 160 48 160 48 48 48 160 -64 -64 48 -64 -64 -64 48 160 48 -64 48 -64 -64 -64 -64 -64 -64 -64 -64 -64 48 48 48 160 -64 -64 48 -64 -64 -64;
 -64 -64 -64 -64 48 -64 -64 48 -64 -64 -64 -64 48 48 160 -64 -64 -64 48 160 48 -64 48 -64 -64 -64 -64 -64 -64 48 -64 -64 -64 48 48 160 -64 -64 48 -64 -64 48 -64 -64 -64 -64 48 -64 -64 -64 48 -64 -64 160 -64 -64 48 -64 48 -64 48 160 48 48 48 160 160 160 384 48 48 160 48 160 48 -64 -64 -64 -64 -64 48 48 48 160 -64 -64 48 -64 -64 -64 -64 -64 48 -64 -64 -64 48 160 48 -64 48 -64 -64 -64 -64;
 48 48 160 -64 -64 -64 -64 48 -64 -64 48 -64 -64 -64 -64 -64 -64 48 -64 -64 -64 -64 48 -64 48 160 48 -64 -64 -64 -64 -64 48 -64 -64 -64 -64 48 -64 48 160 48 -64 -64 -64 -64 -64 -64 -64 -64 -64 48 -64 -64 160 48 48 48 -64 -64 48 160 48 48 160 48 160 48 48 384 160 160 160 48 48 -64 48 -64 -64 48 -64 48 -64 -64 160 -64 -64 48 -64 -64 -64 -64 -64 -64 -64 -64 48 -64 -64 48 -64 -64 160 48 48;
 -64 -64 -64 48 48 160 -64 -64 48 -64 -64 48 -64 -64 -64 -64 -64 -64 -64 -64 48 -64 -64 48 48 48 160 -64 -64 -64 -64 -64 -64 -64 -64 -64 48 -64 -64 160 48 48 48 -64 -64 -64 -64 48 -64 -64 -64 -64 48 -64 48 160 48 -64 -64 -64 48 48 160 160 48 48 48 160 48 160 384 160 48 160 48 -64 -64 48 48 -64 -64 -64 48 -64 -64 160 -64 -64 48 -64 -64 -64 -64 48 -64 -64 -64 -64 -64 -64 48 -64 48 160 48;
 -64 -64 -64 -64 -64 -64 48 -64 -64 48 -64 -64 160 48 48 -64 -64 -64 -64 -64 -64 48 -64 -64 160 48 48 48 -64 -64 -64 -64 -64 -64 -64 48 -64 -64 48 48 48 160 -64 -64 -64 -64 -64 -64 -64 -64 48 -64 -64 48 48 48 160 -64 -64 -64 160 48 48 48 48 160 48 48 160 160 160 384 48 48 160 48 -64 -64 -64 -64 48 -64 -64 48 -64 -64 160 -64 -64 48 48 -64 -64 -64 -64 -64 -64 -64 -64 -64 -64 48 48 48 160;
 48 160 48 -64 -64 -64 -64 -64 48 -64 -64 -64 -64 48 -64 -64 48 -64 -64 -64 -64 -64 -64 48 -64 -64 -64 48 160 48 -64 48 -64 -64 -64 -64 -64 -64 48 -64 -64 -64 48 160 48 -64 -64 -64 -64 -64 -64 48 -64 -64 48 -64 -64 160 48 48 48 48 160 48 48 160 160 48 48 160 48 48 384 160 160 -64 -64 -64 -64 -64 -64 48 -64 -64 48 -64 -64 160 48 48 -64 48 -64 -64 48 -64 48 -64 -64 160 -64 -64 48 -64 -64;
 -64 -64 -64 48 160 48 -64 48 -64 -64 -64 -64 -64 -64 48 -64 -64 -64 -64 48 -64 -64 48 -64 -64 -64 -64 48 48 160 -64 -64 -64 -64 -64 -64 48 -64 -64 48 -64 -64 160 48 48 -64 48 -64 -64 -64 -64 -64 -64 48 -64 -64 -64 48 160 48 48 160 48 160 48 48 48 48 160 48 160 48 160 384 160 -64 -64 -64 48 -64 -64 -64 -64 -64 -64 48 -64 48 160 48 -64 -64 48 48 -64 -64 -64 48 -64 -64 160 -64 -64 48 -64;
 -64 -64 -64 -64 -64 -64 48 -64 -64 160 48 48 48 -64 -64 -64 -64 -64 -64 -64 -64 48 -64 -64 48 -64 -64 160 48 48 -64 -64 -64 -64 48 -64 -64 48 -64 -64 -64 -64 48 48 160 -64 -64 -64 -64 48 -64 -64 48 -64 -64 -64 -64 48 48 160 160 48 48 48 160 48 48 160 48 48 48 160 160 160 384 48 -64 -64 -64 -64 -64 -64 -64 -64 -64 -64 48 48 48 160 48 -64 -64 -64 -64 48 -64 -64 48 -64 -64 160 -64 -64 48;
 -64 48 -64 -64 48 -64 48 -64 -64 160 -64 -64 48 -64 -64 -64 48 -64 -64 48 -64 48 -64 -64 160 -64 -64 48 -64 -64 48 160 48 -64 48 -64 -64 -64 -64 48 -64 -64 -64 -64 -64 48 160 48 -64 48 -64 -64 -64 -64 48 -64 -64 -64 -64 -64 160 48 48 -64 -64 -64 -64 -64 -64 -64 -64 48 -64 -64 48 384 160 160 160 48 48 160 48 48 48 48 160 48 48 160 160 48 48 -64 -64 -64 -64 -64 -64 -64 -64 48 -64 -64 48;
 -64 -64 48 48 -64 -64 -64 48 -64 -64 160 -64 -64 48 -64 -64 -64 48 48 -64 -64 -64 48 -64 -64 160 -64 -64 48 -64 48 48 160 -64 -64 -64 -64 48 -64 -64 48 -64 -64 -64 -64 160 48 48 -64 -64 -64 -64 -64 -64 -64 -64 48 -64 -64 48 48 160 48 -64 48 -64 -64 -64 -64 48 -64 -64 -64 -64 -64 160 384 160 48 160 48 48 48 160 160 48 48 48 160 48 48 160 48 -64 -64 -64 -64 -64 48 -64 -64 -64 -64 48 -64;
 48 -64 -64 -64 -64 48 -64 -64 48 -64 -64 160 -64 -64 48 48 -64 -64 -64 -64 48 -64 -64 48 -64 -64 160 -64 -64 48 160 48 48 -64 -64 -64 -64 -64 -64 -64 -64 48 -64 -64 48 48 48 160 -64 -64 -64 -64 48 -64 -64 48 -64 -64 -64 -64 48 48 160 -64 -64 -64 -64 48 -64 -64 48 -64 -64 -64 -64 160 160 384 48 48 160 48 160 48 48 160 48 160 48 48 48 48 160 -64 -64 48 -64 -64 -64 -64 -64 -64 48 -64 -64;
 -64 48 -64 48 160 48 -64 -64 -64 48 -64 -64 -64 -64 -64 48 160 48 -64 48 -64 -64 -64 -64 48 -64 -64 -64 -64 -64 -64 48 -64 -64 48 -64 48 -64 -64 160 -64 -64 48 -64 -64 -64 48 -64 48 160 48 -64 -64 -64 48 -64 -64 -64 -64 -64 -64 -64 -64 160 48 48 -64 -64 -64 -64 48 -64 -64 48 -64 160 48 48 384 160 160 160 48 48 48 160 48 48 160 48 -64 -64 -64 160 48 48 -64 -64 -64 -64 48 -64 -64 48 -64;
 -64 -64 48 -64 -64 -64 48 160 48 -64 48 -64 -64 -64 -64 48 48 160 -64 -64 -64 -64 48 -64 -64 48 -64 -64 -64 -64 -64 -64 48 48 -64 -64 -64 48 -64 -64 160 -64 -64 48 -64 -64 -64 -64 160 48 48 -64 -64 -64 -64 48 -64 -64 48 -64 -64 48 -64 48 160 48 -64 -64 -64 48 -64 -64 -64 -64 -64 48 160 48 160 384 160 48 160 48 160 48 48 48 48 160 -64 -64 -64 48 160 48 -64 48 -64 -64 -64 -64 -64 -64 48;
 48 -64 -64 -64 -64 -64 -64 -64 -64 -64 -64 48 48 48 160 160 48 48 -64 -64 -64 -64 -64 -64 -64 -64 48 -64 -64 48 48 -64 -64 -64 -64 48 -64 -64 48 -64 -64 160 -64 -64 48 -64 -64 -64 48 48 160 -64 -64 48 -64 -64 48 -64 -64 -64 -64 -64 -64 48 48 160 -64 -64 48 -64 -64 48 -64 -64 -64 48 48 160 160 160 384 48 48 160 48 48 160 160 48 48 -64 -64 48 48 48 160 -64 -64 -64 -64 -64 -64 48 -64 -64;
 48 160 48 -64 48 -64 -64 -64 -64 48 -64 -64 -64 -64 -64 -64 48 -64 48 160 48 -64 -64 -64 48 -64 -64 -64 -64 -64 -64 48 -64 48 160 48 -64 -64 -64 48 -64 -64 -64 -64 -64 -64 48 -64 -64 48 -64 48 -64 -64 160 -64 -64 48 -64 -64 -64 -64 -64 -64 -64 -64 160 48 48 48 -64 -64 48 -64 -64 160 48 48 160 48 48 384 160 160 160 48 48 160 48 48 -64 -64 -64 -64 -64 -64 160 48 48 48 -64 -64 48 -64 -64;
 -64 -64 -64 -64 -64 48 48 48 160 -64 -64 48 -64 -64 -64 -64 -64 -64 48 48 160 -64 -64 48 -64 -64 48 -64 -64 -64 -64 -64 -64 160 48 48 -64 -64 -64 -64 48 -64 -64 48 -64 -64 -64 48 48 -64 -64 -64 48 -64 -64 160 -64 -64 48 -64 -64 -64 48 -64 -64 -64 48 160 48 -64 48 -64 -64 -64 -64 48 48 160 48 160 48 160 384 160 48 160 48 48 48 160 -64 -64 -64 -64 48 -64 48 160 48 -64 -64 -64 -64 -64 48;
 -64 -64 -64 48 -64 -64 -64 -64 -64 -64 48 -64 48 160 48 -64 -64 -64 160 48 48 -64 -64 -64 -64 48 -64 -64 48 -64 -64 -64 -64 48 48 160 -64 -64 48 -64 -64 48 -64 -64 -64 48 -64 -64 -64 -64 48 -64 -64 48 -64 -64 160 -64 -64 48 -64 -64 -64 -64 -64 48 48 48 160 -64 -64 48 -64 -64 -64 48 160 48 48 48 160 160 160 384 48 48 160 48 160 48 -64 48 -64 -64 -64 -64 48 48 160 -64 -64 -64 -64 48 -64;
 48 48 160 -64 -64 -64 -64 48 -64 -64 48 -64 -64 -64 -64 -64 -64 48 -64 -64 -64 48 160 48 -64 48 -64 -64 -64 -64 -64 -64 48 -64 -64 -64 48 160 48 -64 48 -64 -64 -64 -64 -64 -64 -64 -64 -64 -64 160 48 48 48 -64 -64 48 -64 -64 -64 48 -64 -64 48 -64 48 -64 -64 160 -64 -64 48 -64 -64 48 160 48 48 160 48 160 48 48 384 160 160 160 48 48 -64 -64 -64 -64 -64 -64 48 -64 -64 160 48 48 48 -64 -64;
 -64 -64 -64 48 48 160 -64 -64 48 -64 -64 48 -64 -64 -64 -64 -64 -64 -64 -64 48 48 48 160 -64 -64 48 -64 -64 -64 -64 -64 -64 -64 -64 -64 160 48 48 48 -64 -64 48 -64 -64 -64 -64 48 -64 -64 -64 48 160 48 -64 48 -64 -64 -64 -64 -64 -64 48 48 -64 -64 -64 48 -64 -64 160 -64 -64 48 -64 48 48 160 160 48 48 48 160 48 160 384 160 48 160 48 -64 -64 -64 48 -64 -64 -64 -64 -64 48 160 48 -64 48 -64;
 -64 -64 -64 -64 -64 -64 48 -64 -64 48 -64 -64 160 48 48 -64 -64 -64 -64 -64 -64 160 48 48 48 -64 -64 48 -64 -64 -64 -64 -64 -64 -64 48 48 48 160 -64 -64 48 -64 -64 -64 -64 -64 -64 -64 -64 48 48 48 160 -64 -64 48 -64 -64 -64 48 -64 -64 -64 -64 48 -64 -64 48 -64 -64 160 -64 -64 48 160 48 48 48 48 160 48 48 160 160 160 384 48 48 160 48 -64 -64 -64 -64 -64 -64 -64 -64 48 48 160 -64 -64 48;
 160 48 48 -64 -64 -64 -64 -64 -64 -64 -64 48 -64 -64 48 48 -64 -64 -64 -64 -64 -64 -64 -64 -64 -64 48 48 48 160 48 -64 -64 -64 -64 -64 -64 -64 -64 -64 -64 48 48 48 160 -64 -64 -64 -64 -64 -64 48 -64 -64 48 -64 -64 160 48 48 -64 -64 -64 -64 -64 -64 48 -64 -64 48 -64 -64 160 48 48 48 48 160 48 48 160 160 48 48 160 48 48 384 160 160 -64 -64 48 -64 -64 48 48 -64 -64 48 -64 -64 160 -64 -64;
 -64 -64 -64 160 48 48 -64 -64 -64 -64 48 -64 -64 48 -64 -64 -64 -64 48 -64 -64 -64 -64 -64 -64 48 -64 48 160 48 -64 -64 -64 -64 -64 -64 48 -64 -64 48 -64 -64 160 48 48 48 -64 -64 -64 -64 -64 -64 -64 -64 -64 -64 48 48 48 160 -64 -64 -64 48 -64 -64 -64 -64 -64 -64 48 -64 48 160 48 48 160 48 160 48 48 48 48 160 48 160 48 160 384 160 -64 48 -64 48 -64 -64 -64 -64 48 -64 48 -64 -64 160 -64;
 -64 -64 -64 -64 -64 -64 160 48 48 48 -64 -64 48 -64 -64 -64 -64 -64 -64 -64 -64 48 -64 -64 48 -64 -64 160 48 48 -64 -64 -64 48 -64 -64 -64 -64 -64 -64 48 -64 48 160 48 -64 -64 -64 48 -64 -64 -64 -64 -64 -64 48 -64 48 160 48 48 -64 -64 -64 -64 -64 -64 -64 -64 -64 -64 48 48 48 160 160 48 48 48 160 48 48 160 48 48 48 160 160 160 384 48 -64 -64 -64 48 -64 -64 48 -64 -64 -64 48 -64 -64 160;
 -64 -64 48 -64 -64 48 48 -64 -64 48 -64 -64 160 -64 -64 -64 -64 48 -64 -64 48 48 -64 -64 48 -64 -64 160 -64 -64 48 48 160 -64 -64 48 -64 -64 -64 -64 -64 -64 48 -64 -64 48 48 160 -64 -64 48 -64 -64 -64 -64 -64 -64 48 -64 -64 160 48 48 -64 -64 -64 -64 -64 -64 -64 -64 48 -64 -64 48 160 48 48 -64 -64 -64 -64 -64 -64 -64 -64 48 -64 -64 48 384 160 160 160 48 48 160 48 48 48 48 160 48 48 160;
 -64 48 -64 48 -64 -64 -64 -64 48 -64 48 -64 -64 160 -64 -64 48 -64 48 -64 -64 -64 -64 48 -64 48 -64 -64 160 -64 48 160 48 -64 -64 -64 -64 -64 48 -64 -64 -64 -64 48 -64 160 48 48 -64 -64 -64 -64 -64 -64 -64 -64 48 -64 -64 48 48 48 160 -64 -64 48 -64 -64 -64 -64 -64 -64 48 -64 -64 48 160 48 -64 -64 -64 -64 -64 48 -64 -64 -64 -64 48 -64 160 384 160 48 160 48 48 48 160 160 48 48 48 160 48;
 48 -64 -64 -64 48 -64 -64 48 -64 -64 -64 48 -64 -64 160 48 -64 -64 -64 48 -64 -64 48 -64 -64 -64 48 -64 -64 160 160 48 48 -64 -64 -64 -64 -64 -64 -64 -64 48 -64 -64 48 48 160 48 -64 -64 -64 -64 -64 48 -64 -64 -64 -64 48 -64 48 160 48 -64 -64 -64 -64 -64 48 -64 -64 -64 -64 48 -64 48 48 160 -64 -64 48 -64 -64 -64 -64 -64 -64 48 -64 -64 160 160 384 48 48 160 48 160 48 48 160 48 160 48 48;
 -64 -64 48 48 48 160 -64 -64 -64 -64 -64 -64 48 -64 -64 48 48 160 -64 -64 48 -64 -64 -64 -64 -64 -64 48 -64 -64 -64 -64 48 -64 -64 48 48 -64 -64 48 -64 -64 160 -64 -64 -64 -64 48 48 48 160 -64 -64 -64 -64 -64 -64 48 -64 -64 -64 -64 -64 160 48 48 -64 -64 -64 -64 48 -64 -64 48 -64 -64 -64 -64 160 48 48 -64 -64 -64 -64 48 -64 -64 48 -64 160 48 48 384 160 160 160 48 48 48 160 48 48 160 48;
 -64 48 -64 -64 -64 -64 48 48 160 -64 -64 -64 -64 48 -64 48 160 48 -64 -64 -64 -64 -64 48 -64 -64 -64 -64 48 -64 -64 48 -64 48 -64 -64 -64 -64 48 -64 48 -64 -64 160 -64 -64 -64 -64 160 48 48 -64 -64 -64 -64 48 -64 -64 48 -64 -64 -64 48 48 48 160 -64 -64 -64 -64 -64 -64 48 -64 -64 -64 -64 -64 48 160 48 -64 48 -64 -64 -64 -64 -64 -64 48 48 160 48 160 384 160 48 160 48 160 48 48 48 48 160;
 48 -64 -64 -64 -64 -64 -64 -64 -64 48 48 160 -64 -64 48 160 48 48 -64 -64 -64 -64 -64 -64 -64 -64 48 -64 -64 48 48 -64 -64 -64 48 -64 -64 48 -64 -64 -64 48 -64 -64 160 -64 -64 -64 48 160 48 -64 48 -64 -64 -64 -64 -64 -64 48 -64 -64 -64 48 160 48 -64 48 -64 -64 -64 -64 -64 -64 48 -64 -64 48 48 48 160 -64 -64 -64 -64 -64 -64 48 -64 -64 48 48 160 160 160 384 48 48 160 48 48 160 160 48 48;
 48 48 160 -64 -64 48 -64 -64 -64 -64 -64 -64 48 -64 -64 -64 -64 48 48 48 160 -64 -64 -64 -64 -64 -64 48 -64 -64 -64 -64 48 48 48 160 -64 -64 -64 -64 -64 -64 48 -64 -64 -64 -64 48 -64 -64 48 48 -64 -64 48 -64 -64 160 -64 -64 -64 -64 -64 -64 -64 -64 160 48 48 48 -64 -64 48 -64 -64 -64 -64 -64 -64 -64 -64 160 48 48 48 -64 -64 48 -64 -64 160 48 48 160 48 48 384 160 160 160 48 48 160 48 48;
 -64 -64 -64 -64 48 -64 48 160 48 -64 -64 -64 -64 -64 48 -64 -64 -64 48 160 48 -64 48 -64 -64 -64 -64 -64 -64 48 -64 -64 -64 160 48 48 -64 -64 -64 -64 48 -64 -64 48 -64 -64 48 -64 48 -64 -64 -64 -64 48 -64 48 -64 -64 160 -64 -64 48 -64 -64 -64 -64 48 48 160 -64 -64 -64 -64 48 -64 -64 -64 -64 -64 48 -64 48 160 48 -64 -64 -64 -64 -64 48 48 48 160 48 160 48 160 384 160 48 160 48 48 48 160;
 -64 -64 -64 48 -64 -64 -64 -64 -64 48 160 48 -64 48 -64 -64 -64 -64 160 48 48 -64 -64 -64 -64 48 -64 -64 48 -64 -64 -64 -64 48 160 48 -64 48 -64 -64 -64 -64 -64 -64 48 48 -64 -64 -64 48 -64 -64 48 -64 -64 -64 48 -64 -64 160 -64 -64 -64 -64 48 -64 48 160 48 -64 -64 -64 -64 -64 48 -64 48 -64 -64 -64 -64 48 48 160 -64 -64 -64 -64 48 -64 48 160 48 48 48 160 160 160 384 48 48 160 48 160 48;
 48 160 48 -64 -64 -64 -64 -64 48 -64 -64 -64 -64 48 -64 -64 48 -64 -64 -64 -64 48 48 160 -64 -64 -64 -64 48 -64 -64 48 -64 -64 -64 -64 48 48 160 -64 -64 -64 -64 48 -64 -64 -64 -64 -64 -64 -64 160 48 48 48 -64 -64 48 -64 -64 -64 -64 48 -64 -64 48 48 -64 -64 48 -64 -64 160 -64 -64 -64 -64 -64 -64 -64 -64 48 -64 -64 160 48 48 48 -64 -64 48 160 48 48 160 48 160 48 48 384 160 160 160 48 48;
 -64 -64 -64 48 160 48 -64 48 -64 -64 -64 -64 -64 -64 48 -64 -64 -64 -64 48 -64 48 160 48 -64 -64 -64 -64 -64 48 -64 -64 -64 -64 -64 -64 160 48 48 48 -64 -64 48 -64 -64 -64 48 -64 -64 -64 -64 48 48 160 -64 -64 -64 -64 48 -64 -64 48 -64 48 -64 -64 -64 -64 48 -64 48 -64 -64 160 -64 -64 -64 -64 48 -64 -64 -64 -64 -64 48 160 48 -64 48 -64 48 48 160 160 48 48 48 160 48 160 384 160 48 160 48;
 -64 -64 -64 -64 -64 -64 48 -64 -64 160 48 48 48 -64 -64 -64 -64 -64 -64 -64 -64 160 48 48 48 -64 -64 48 -64 -64 -64 -64 -64 -64 48 -64 48 160 48 -64 -64 -64 -64 -64 48 -64 -64 -64 -64 48 -64 48 160 48 -64 -64 -64 -64 -64 48 48 -64 -64 -64 48 -64 -64 48 -64 -64 -64 48 -64 -64 160 48 -64 -64 -64 -64 -64 -64 -64 -64 48 48 160 -64 -64 48 160 48 48 48 48 160 48 48 160 160 160 384 48 48 160;
 160 48 48 -64 -64 -64 -64 -64 -64 -64 -64 48 -64 -64 48 48 -64 -64 -64 -64 -64 -64 -64 -64 48 48 160 -64 -64 48 48 -64 -64 -64 -64 -64 -64 -64 -64 48 48 160 -64 -64 48 -64 -64 -64 -64 -64 -64 48 -64 -64 160 48 48 48 -64 -64 -64 -64 -64 -64 -64 -64 48 -64 -64 160 48 48 48 -64 -64 -64 -64 48 -64 -64 48 48 -64 -64 48 -64 -64 160 -64 -64 48 48 160 48 48 160 160 48 48 160 48 48 384 160 160;
 -64 -64 -64 160 48 48 -64 -64 -64 -64 48 -64 -64 48 -64 -64 -64 -64 48 -64 -64 -64 -64 -64 48 160 48 -64 48 -64 -64 -64 -64 -64 -64 -64 48 -64 -64 160 48 48 48 -64 -64 48 -64 -64 -64 -64 -64 -64 -64 -64 48 48 160 -64 -64 48 -64 -64 -64 48 -64 -64 -64 -64 -64 48 160 48 -64 48 -64 -64 48 -64 48 -64 -64 -64 -64 48 -64 48 -64 -64 160 -64 48 160 48 160 48 48 48 48 160 48 160 48 160 384 160;
 -64 -64 -64 -64 -64 -64 160 48 48 48 -64 -64 48 -64 -64 -64 -64 -64 -64 -64 -64 48 -64 -64 160 48 48 48 -64 -64 -64 -64 -64 48 -64 -64 -64 -64 -64 48 160 48 -64 48 -64 -64 -64 -64 48 -64 -64 -64 -64 -64 48 160 48 -64 48 -64 48 -64 -64 -64 -64 -64 -64 -64 -64 48 48 160 -64 -64 48 48 -64 -64 -64 48 -64 -64 48 -64 -64 -64 48 -64 -64 160 160 48 48 48 160 48 48 160 48 48 48 160 160 160 384;

